25 0.18660287081339713 0.4759036144578313 0.06698564593301436 0.2289156626506024
11 0.24880382775119617 0.4939759036144578 0.06698564593301436 0.24096385542168675
0 0.31100478468899523 0.5060240963855421 0.04784688995215311 0.24096385542168675
3 0.3660287081339713 0.5180722891566265 0.05263157894736842 0.24096385542168675
10 0.4258373205741627 0.5240963855421686 0.06698564593301436 0.25301204819277107
16 0.49760765550239233 0.5421686746987951 0.07655502392344497 0.24096385542168675
29 0.5980861244019139 0.5662650602409639 0.05741626794258373 0.24096385542168675
8 0.6889952153110048 0.572289156626506 0.05741626794258373 0.25301204819277107
9 0.7464114832535885 0.5783132530120482 0.05741626794258373 0.24096385542168675
7 0.80622009569378 0.5903614457831325 0.05263157894736842 0.24096385542168675
9 0.861244019138756 0.6024096385542169 0.05741626794258373 0.24096385542168675