16 0.10628019323671498 0.44329896907216493 0.07729468599033816 0.24742268041237114
19 0.178743961352657 0.4536082474226804 0.06763285024154589 0.24742268041237114
32 0.2560386473429952 0.4639175257731959 0.0966183574879227 0.24742268041237114
1 0.3671497584541063 0.4690721649484536 0.04830917874396135 0.23711340206185566
1 0.4444444444444444 0.4793814432989691 0.04830917874396135 0.23711340206185566
5 0.4975845410628019 0.4793814432989691 0.057971014492753624 0.23711340206185566
10 0.6014492753623188 0.4896907216494845 0.07246376811594203 0.23711340206185566
1 0.7004830917874396 0.4948453608247423 0.04830917874396135 0.24742268041237114
1 0.748792270531401 0.5051546391752577 0.04830917874396135 0.24742268041237114
3 0.8019323671497585 0.5051546391752577 0.057971014492753624 0.24742268041237114
8 0.8599033816425121 0.5051546391752577 0.057971014492753624 0.24742268041237114