22 0.0926517571884984 0.702247191011236 0.10223642172523961 0.4606741573033708
1 0.2779552715654952 0.6404494382022472 0.06389776357827476 0.449438202247191
17 0.1900958466453674 0.6685393258426966 0.0926517571884984 0.4606741573033708
4 0.3498402555910543 0.6123595505617978 0.07987220447284345 0.4606741573033708
29 0.43450479233226835 0.5730337078651685 0.08306709265175719 0.449438202247191
12 0.5143769968051118 0.550561797752809 0.08306709265175719 0.47191011235955055
2 0.6038338658146964 0.5112359550561798 0.06389776357827476 0.43820224719101125
0 0.6645367412140575 0.47752808988764045 0.06389776357827476 0.43820224719101125
6 0.7252396166134185 0.4438202247191011 0.05750798722044728 0.4606741573033708
10 0.8322683706070287 0.398876404494382 0.07987220447284345 0.4157303370786517
23 0.9073482428115016 0.3539325842696629 0.07667731629392971 0.4606741573033708