20 0.08018867924528301 0.45121951219512196 0.0660377358490566 0.3170731707317073
10 0.14386792452830188 0.4573170731707317 0.06132075471698113 0.32926829268292684
1 0.20047169811320756 0.45121951219512196 0.04245283018867924 0.3170731707317073
9 0.24764150943396226 0.45121951219512196 0.05188679245283019 0.3170731707317073
29 0.3113207547169811 0.4451219512195122 0.05660377358490566 0.3048780487804878
27 0.36792452830188677 0.45121951219512196 0.05660377358490566 0.3170731707317073
0 0.4363207547169811 0.45121951219512196 0.05188679245283019 0.3170731707317073
2 0.4811320754716981 0.4573170731707317 0.04716981132075472 0.3048780487804878
2 0.5448113207547169 0.4573170731707317 0.05188679245283019 0.3048780487804878
0 0.589622641509434 0.4695121951219512 0.04716981132075472 0.3048780487804878
1 0.6344339622641509 0.4573170731707317 0.04245283018867924 0.3048780487804878
0 0.6792452830188679 0.4634146341463415 0.05660377358490566 0.3170731707317073
2 0.7688679245283019 0.45121951219512196 0.05660377358490566 0.3170731707317073
0 0.8160377358490566 0.4634146341463415 0.04716981132075472 0.34146341463414637
1 0.8561320754716981 0.4634146341463415 0.04245283018867924 0.3170731707317073
1 0.8938679245283019 0.4634146341463415 0.04245283018867924 0.3170731707317073