21 0.6152439024390244 0.5424390243902439 0.23963414634146343 0.14439024390243904
14 0.5201219512195122 0.5873170731707318 0.2754471544715447 0.19121951219512195
13 0.3991463414634146 0.6638048780487805 0.32691056910569105 0.23399999999999999
8 0.23426829268292684 0.1315609756097561 0.07304878048780487 0.15165853658536585
1 0.578739837398374 0.13185365853658537 0.0758130081300813 0.15390243902439024
4 0.15666666666666668 0.13219512195121952 0.07146341463414634 0.1528780487804878
1 0.5026829268292683 0.13365853658536583 0.08008130081300813 0.16078048780487805
0 0.6534552845528455 0.13439024390243903 0.07670731707317073 0.1491219512195122
0 0.3088617886178862 0.13521951219512193 0.07833333333333334 0.1484390243902439
3 0.8834959349593496 0.38 0.13556910569105693 0.0848780487804878
2 0.8567073170731707 0.4 0.15020325203252033 0.09170731707317073
1 0.8197154471544715 0.41853658536585364 0.15589430894308945 0.09560975609756098
20 0.7526422764227643 0.4526829268292683 0.19410569105691056 0.12292682926829268