39 0.3204242424242424 0.7347712418300654 0.10648484848484849 0.35947712418300654
32 0.2080909090909091 0.7366666666666666 0.11296969696969697 0.35411764705882354
8 0.8634545454545455 0.7420915032679739 0.09736363636363637 0.3337908496732026
20 0.6336666666666667 0.7426797385620915 0.11248484848484848 0.34921568627450983
23 0.5314848484848484 0.7432679738562091 0.10672727272727273 0.34725490196078435
8 0.7668181818181818 0.7437254901960785 0.09963636363636365 0.35673202614379085
38 0.2800909090909091 0.25457516339869285 0.10518181818181818 0.3604575163398693
16 0.17154545454545456 0.25993464052287585 0.10972727272727273 0.3524183006535948
33 0.4926363636363636 0.26895424836601306 0.10024242424242424 0.35751633986928105
4 0.7348181818181818 0.27705882352941175 0.10681818181818181 0.33986928104575165
2 0.629090909090909 0.27901960784313723 0.11266666666666666 0.3447058823529412
5 0.9212121212121213 0.2803921568627451 0.09572727272727273 0.3428104575163399
9 0.8291818181818181 0.28627450980392155 0.10851515151515152 0.32895424836601306