12 0.0809 0.141 0.1069 0.2071
18 0.8029999999999999 0.1413 0.1017 0.2205
35 0.9255 0.1426 0.11320000000000001 0.2245
28 0.3215 0.1433 0.1124 0.21289999999999998
22 0.6835 0.14429999999999998 0.1115 0.2101
38 0.5666 0.1447 0.11410000000000001 0.20620000000000002
29 0.44229999999999997 0.1458 0.1112 0.2173
39 0.1996 0.146 0.1197 0.2177
29 0.6831999999999999 0.4946 0.1133 0.2173
34 0.0834 0.4971 0.1097 0.2266
27 0.4443 0.4975 0.11 0.204
30 0.33039999999999997 0.4984 0.11789999999999999 0.2115
33 0.9294 0.4987 0.11130000000000001 0.21350000000000002
14 0.8112999999999999 0.4999 0.1143 0.20679999999999998
38 0.20350000000000001 0.5015999999999999 0.1184 0.2057
17 0.8126000000000001 0.8448 0.1175 0.2139
18 0.9337000000000001 0.845 0.0999 0.2202
27 0.2607 0.8464 0.11810000000000001 0.2138
14 0.3901 0.8473999999999999 0.1116 0.20920000000000002
14 0.5088 0.8493 0.1112 0.21710000000000002
28 0.6854 0.8495999999999999 0.11130000000000001 0.2121
15 0.13570000000000002 0.8523999999999999 0.1235 0.21760000000000002