0 0.34892 0.4975124378109453 0.041159999999999995 0.08323383084577114
16 0.11059999999999999 0.4978606965174129 0.0456 0.08074626865671641
9 0.39536 0.49855721393034824 0.03996 0.08482587064676617
38 0.16024000000000002 0.4999004975124378 0.04448 0.08049751243781095
7 0.30524 0.4999502487562189 0.04264 0.0864179104477612
9 0.43788 0.5 0.044719999999999996 0.08681592039800995
14 0.64052 0.5007960199004975 0.03748 0.08507462686567165
1 0.85988 0.5008955223880598 0.03588 0.08373134328358207
28 0.682 0.5010447761194029 0.0422 0.08407960199004974
0 0.9356 0.5018407960199005 0.03664 0.08169154228855723
32 0.24692 0.5019900497512438 0.04172 0.08810945273631841
0 0.89836 0.5027363184079602 0.03484 0.08238805970149253
17 0.7634 0.5033830845771144 0.04036 0.08363184079601989
32 0.60224 0.5040796019900498 0.036840000000000005 0.08860696517412935
17 0.80504 0.5041293532338308 0.038799999999999994 0.08169154228855723
1 0.356 0.704228855721393 0.04212 0.08452736318407959
18 0.15672 0.7065174129353233 0.03736 0.08860696517412935
11 0.82656 0.7068159203980099 0.04808 0.0791044776119403
1 0.3976 0.7069154228855722 0.04124 0.0846268656716418
6 0.87736 0.7071144278606964 0.045079999999999995 0.08084577114427861
9 0.43688 0.7071641791044776 0.04348 0.07855721393034826
22 0.29624 0.7073134328358208 0.05004 0.08592039800995024
25 0.10931999999999999 0.7075124378109453 0.04324 0.08756218905472637
22 0.24803999999999998 0.7079104477611939 0.04784 0.08348258706467662
25 0.64652 0.7093034825870647 0.0442 0.08676616915422886
21 0.69616 0.7107960199004976 0.043 0.08124378109452736
17 0.77828 0.7109950248756218 0.04444 0.08074626865671641
7 0.39488 0.0817412935323383 0.0442 0.0862189054726368
7 0.39244 0.08228855721393034 0.038119999999999994 0.08547263681592039
4 0.43683999999999995 0.08263681592039801 0.04424 0.07970149253731343
2 0.3516 0.08452736318407959 0.04388 0.08139303482587064
19 0.28992 0.08606965174129354 0.046520000000000006 0.08870646766169153
27 0.14448 0.08860696517412935 0.044719999999999996 0.08393034825870647
32 0.19056 0.0890547263681592 0.039920000000000004 0.0808955223880597
0 0.86276 0.08930348258706468 0.03544 0.07751243781094527
15 0.09628 0.08940298507462686 0.04124 0.09039800995024877
1 0.90008 0.08960199004975125 0.030440000000000002 0.07850746268656716
13 0.725 0.0899502487562189 0.039439999999999996 0.0826865671641791
8 0.82232 0.09049751243781096 0.04088 0.08049751243781095
28 0.6376000000000001 0.09054726368159204 0.038079999999999996 0.08293532338308458
1 0.93816 0.09238805970149254 0.037 0.07945273631840796
22 0.7668400000000001 0.09328358208955224 0.04124 0.08427860696517414
14 0.59756 0.09412935323383086 0.03848 0.08343283582089552
13 0.19032 0.2878109452736318 0.04328 0.0826865671641791
1 0.3922 0.291044776119403 0.04312 0.08830845771144279
16 0.28816 0.2935323383084577 0.046079999999999996 0.08288557213930349
8 0.88328 0.294228855721393 0.04168 0.08338308457711444
4 0.84068 0.2944776119402985 0.043840000000000004 0.0754228855721393
14 0.78276 0.29467661691542285 0.04272 0.08104477611940299
8 0.43556 0.2947761194029851 0.050320000000000004 0.08970149253731344
14 0.73948 0.29517412935323384 0.04204 0.08323383084577114
16 0.6469600000000001 0.29522388059701493 0.047479999999999994 0.0807960199004975
17 0.33088 0.295273631840796 0.048119999999999996 0.08766169154228856
10 0.1464 0.2954726368159204 0.03832 0.08472636815920398
28 0.09984 0.2955721393034826 0.04464 0.08154228855721393
7 0.93296 0.2956218905472637 0.045 0.08582089552238806
17 0.6015199999999999 0.29890547263681594 0.0426 0.07756218905472637