5 0.7628846153846154 0.5348148148148149 0.045480769230769234 0.06362139917695474
9 0.4190865384615385 0.5356378600823045 0.05149038461538462 0.05617283950617284
12 0.1039423076923077 0.5359670781893004 0.058221153846153846 0.05880658436213992
1 0.2904326923076923 0.5362551440329218 0.03423076923076923 0.06353909465020575
1 0.36942307692307697 0.5378189300411522 0.034567307692307696 0.0597119341563786
34 0.6310096153846154 0.5379012345679013 0.05014423076923077 0.06662551440329219
8 0.9085096153846154 0.5380658436213992 0.04201923076923077 0.06469135802469136
12 0.5817788461538462 0.5383950617283951 0.04326923076923077 0.0637037037037037
1 0.7111538461538461 0.5383950617283951 0.03639423076923077 0.06172839506172839
13 0.16346153846153846 0.5383950617283951 0.058221153846153846 0.05781893004115227
1 0.24927884615384616 0.5386831275720165 0.03177884615384616 0.06
3 0.8594230769230768 0.5387654320987654 0.039615384615384615 0.06448559670781893
2 0.9165865384615385 0.6858847736625514 0.04663461538461538 0.06465020576131687
6 0.42783653846153846 0.6858847736625514 0.044423076923076926 0.05880658436213992
7 0.8633653846153847 0.6863786008230452 0.04322115384615385 0.05975308641975308
11 0.6518269230769231 0.6864609053497942 0.04711538461538462 0.06448559670781893
1 0.3837019230769231 0.68679012345679 0.03475961538461539 0.05893004115226338
0 0.7244711538461538 0.6869958847736626 0.04379807692307692 0.060781893004115226
2 0.2966346153846154 0.6871604938271605 0.04807692307692308 0.06041152263374486
0 0.5961057692307692 0.6873251028806585 0.044423076923076926 0.06172839506172839
12 0.11596153846153846 0.6873251028806585 0.05480769230769231 0.06172839506172839
4 0.7779326923076924 0.6875720164609054 0.04783653846153846 0.061069958847736625
12 0.17317307692307693 0.6878189300411522 0.059375 0.06074074074074074
2 0.24355769230769228 0.6897942386831276 0.04903846153846154 0.05880658436213992
27 0.7264903846153847 0.8054732510288065 0.04413461538461538 0.06205761316872428
7 0.2918269230769231 0.821275720164609 0.04533653846153846 0.06267489711934157
5 0.23774038461538463 0.8231687242798355 0.04379807692307692 0.05880658436213992
0 0.11865384615384615 0.8232510288065844 0.04153846153846154 0.06308641975308642
6 0.4444711538461539 0.8247736625514402 0.044278846153846155 0.0679835390946502
0 0.3902884615384616 0.8275308641975309 0.043028846153846154 0.06510288065843621
11 0.716923076923077 0.8294650205761317 0.03975961538461538 0.06823045267489711
9 0.8620192307692308 0.8639094650205762 0.041490384615384616 0.06333333333333334
3 0.32908653846153846 0.08641975308641975 0.04461538461538461 0.05559670781893004
1 0.2932692307692308 0.0880246913580247 0.03125 0.055185185185185184
3 0.5984134615384615 0.09000000000000001 0.04144230769230769 0.05197530864197531
24 0.7204326923076922 0.09037037037037038 0.048990384615384616 0.05390946502057613
1 0.7992788461538461 0.8643621399176954 0.033701923076923074 0.05860082304526749
5 0.653173076923077 0.8653497942386831 0.04677884615384616 0.06580246913580247
9 0.7097596153846154 0.867037037037037 0.04288461538461538 0.05983539094650205
5 0.7850480769230769 0.09074074074074075 0.04288461538461538 0.049094650205761314
1 0.8342307692307693 0.09185185185185185 0.03225961538461539 0.04843621399176955
7 0.8885096153846154 0.09522633744855967 0.04163461538461539 0.04897119341563786
3 0.37033653846153847 0.23757201646090534 0.04735576923076923 0.05102880658436214
4 0.41750000000000004 0.2393415637860082 0.04072115384615385 0.0502880658436214
24 0.2382692307692308 0.2394238683127572 0.05317307692307693 0.05415637860082305
1 0.1083173076923077 0.23946502057613167 0.03745192307692308 0.06349794238683128
7 0.2924038461538462 0.24123456790123457 0.04355769230769231 0.05802469135802469
5 0.14923076923076922 0.24135802469135803 0.045432692307692306 0.05304526748971194
8 0.6890865384615386 0.2414814814814815 0.043028846153846154 0.06296296296296297
4 0.8189423076923077 0.24181069958847737 0.047259615384615386 0.06193415637860083
0 0.8697596153846153 0.2425514403292181 0.04451923076923077 0.06724279835390946
3 0.7704807692307691 0.2431687242798354 0.047259615384615386 0.06781893004115226
0 0.6385096153846154 0.24378600823045268 0.04456730769230769 0.06609053497942387
5 0.9179326923076924 0.24576131687242797 0.04495192307692308 0.06497942386831275
20 0.5875480769230769 0.38884773662551436 0.04211538461538462 0.05596707818930041
2 0.6830288461538461 0.3917283950617284 0.043125000000000004 0.05473251028806585
4 0.9131250000000001 0.39296296296296296 0.03596153846153846 0.0539917695473251
4 0.23072115384615385 0.39415637860082303 0.04331730769230769 0.06292181069958848
5 0.35615384615384615 0.39432098765432094 0.046009615384615385 0.06802469135802469
1 0.3136538461538461 0.3943621399176955 0.031490384615384615 0.06
0 0.44625 0.39444444444444443 0.04519230769230769 0.07209876543209877
16 0.07817307692307693 0.39456790123456786 0.042980769230769225 0.06551440329218107
8 0.768701923076923 0.3948559670781893 0.044423076923076926 0.05880658436213992
4 0.6367307692307692 0.39514403292181066 0.03716346153846154 0.06024691358024692
29 0.12509615384615386 0.3952263374485597 0.04201923076923077 0.0665843621399177
6 0.4034615384615385 0.39572016460905346 0.042596153846153846 0.06699588477366256
5 0.18370192307692307 0.39695473251028807 0.04326923076923077 0.06279835390946502
0 0.8678846153846155 0.39699588477366254 0.042692307692307696 0.05802469135802469