17 0.12946428571428573 0.03496666666666667 0.04095238095238095 0.04783333333333333
5 0.2688690476190476 0.03553333333333333 0.04476190476190476 0.0401
29 0.3988690476190476 0.03606666666666667 0.04446428571428571 0.0409
7 0.8741666666666668 0.03666666666666667 0.040535714285714286 0.03813333333333333
1 0.832202380952381 0.0368 0.04089285714285714 0.040966666666666665
2 0.22041666666666668 0.037 0.04071428571428572 0.037766666666666664
9 0.3129166666666667 0.037033333333333335 0.045476190476190476 0.039466666666666664
20 0.5642857142857143 0.03713333333333334 0.04934523809523809 0.043833333333333335
4 0.7022619047619048 0.037200000000000004 0.04119047619047619 0.04003333333333333
7 0.3557142857142857 0.0374 0.0443452380952381 0.043666666666666666
3 0.7885119047619048 0.037899999999999996 0.04232142857142857 0.039433333333333334
5 0.7448214285714285 0.0381 0.04494047619047619 0.039766666666666665
0 0.6567857142857143 0.03813333333333333 0.043333333333333335 0.04036666666666666
17 0.08386904761904762 0.03883333333333334 0.04392857142857143 0.0541
0 0.2839285714285714 0.3862333333333334 0.034583333333333334 0.038200000000000005
0 0.39898809523809525 0.3862333333333334 0.033035714285714286 0.040433333333333335
0 0.4334523809523809 0.3864666666666667 0.03410714285714286 0.0407
1 0.20851190476190476 0.38663333333333333 0.0380952380952381 0.03843333333333333
3 0.3617261904761905 0.38663333333333333 0.039285714285714285 0.0375
11 0.12535714285714286 0.38666666666666666 0.04535714285714286 0.03873333333333333
0 0.2467857142857143 0.3871 0.037797619047619045 0.0374
9 0.887202380952381 0.3887333333333334 0.03982142857142858 0.03876666666666667
0 0.6339880952380953 0.3888 0.04136904761904762 0.0422
1 0.7188095238095238 0.3888 0.039464285714285716 0.0412
0 0.7613095238095239 0.3892333333333333 0.04220238095238095 0.039299999999999995
0 0.8023214285714285 0.3905666666666667 0.03910714285714286 0.03903333333333334
0 0.7374404761904761 0.4653666666666667 0.038392857142857145 0.03846666666666666
22 0.11476190476190477 0.4782 0.03922619047619048 0.0425
33 0.23375 0.4782666666666666 0.03875 0.03896666666666666
7 0.32666666666666666 0.47850000000000004 0.03892857142857143 0.03873333333333333
17 0.44452380952380954 0.47879999999999995 0.038392857142857145 0.0416
1 0.4029761904761905 0.4789333333333334 0.03875 0.03796666666666667
21 0.27648809523809526 0.4791666666666667 0.037083333333333336 0.0366
6 0.36577380952380956 0.47923333333333334 0.03833333333333334 0.03726666666666666
10 0.1550595238095238 0.4794 0.03785714285714286 0.037700000000000004
2 0.6786309523809524 0.5002 0.036309523809523805 0.03696666666666667
1 0.6394047619047619 0.5002333333333333 0.03976190476190476 0.0349
17 0.8345833333333333 0.5008 0.038035714285714284 0.03606666666666667
9 0.7919642857142858 0.5012333333333333 0.03636904761904762 0.03576666666666667
0 0.7151785714285714 0.5013 0.035476190476190474 0.0361
38 0.22017857142857145 0.5765333333333333 0.04101190476190476 0.045566666666666665
9 0.8730952380952381 0.5768333333333334 0.04172619047619047 0.03826666666666667
9 0.8295833333333333 0.5776666666666667 0.03851190476190476 0.03796666666666667
21 0.17422619047619048 0.5784333333333334 0.04648809523809524 0.04103333333333334
7 0.3538095238095238 0.5787 0.04601190476190477 0.0397
2 0.39934523809523814 0.5789333333333334 0.042083333333333334 0.04276666666666667
25 0.12720238095238096 0.5789666666666666 0.04738095238095238 0.041499999999999995
5 0.43994047619047616 0.5791999999999999 0.045654761904761906 0.0404
6 0.784047619047619 0.5793666666666667 0.04047619047619048 0.04056666666666667
11 0.6028571428571429 0.5796333333333333 0.04636904761904762 0.041999999999999996
6 0.9169642857142858 0.5796333333333333 0.040595238095238094 0.04003333333333333
0 0.310952380952381 0.5797 0.04601190476190477 0.04176666666666667
0 0.7398809523809524 0.5801333333333333 0.04220238095238095 0.039766666666666665
10 0.6497619047619048 0.5811666666666666 0.04255952380952381 0.04463333333333334
20 0.2601785714285714 0.6686333333333333 0.04261904761904762 0.04203333333333333
30 0.17011904761904761 0.6693 0.04714285714285714 0.0424
21 0.12422619047619048 0.6697 0.04535714285714286 0.03793333333333333
4 0.36178571428571427 0.6698 0.04220238095238095 0.03846666666666666
10 0.30464285714285716 0.6700333333333333 0.04303571428571429 0.038033333333333336
2 0.44779761904761906 0.6703 0.04714285714285714 0.03843333333333333
2 0.4033333333333334 0.6710333333333334 0.04541666666666667 0.0387
28 0.7301190476190476 0.6739666666666667 0.04577380952380953 0.0388
8 0.7864880952380953 0.6742666666666667 0.04452380952380953 0.04003333333333333
5 0.8308333333333334 0.6745666666666666 0.04541666666666667 0.03843333333333333
14 0.9214285714285715 0.6748666666666667 0.04690476190476191 0.039
9 0.8717857142857144 0.6749333333333333 0.041666666666666664 0.03796666666666667
22 0.5898809523809524 0.6749666666666667 0.04410714285714286 0.04356666666666667
10 0.6363095238095239 0.6753 0.04553571428571429 0.039799999999999995
19 0.25470238095238096 0.7538666666666667 0.04583333333333334 0.04106666666666667
20 0.20720238095238097 0.7539333333333333 0.04625 0.040266666666666666
1 0.35517857142857145 0.754 0.044642857142857144 0.0418
4 0.39898809523809525 0.7542 0.04202380952380952 0.042100000000000005
11 0.11648809523809524 0.7543666666666666 0.04863095238095238 0.03936666666666667
4 0.3118452380952381 0.7555000000000001 0.044642857142857144 0.0425
2 0.7185714285714285 0.8348 0.03827380952380952 0.0414
4 0.8385119047619047 0.8351333333333333 0.036904761904761905 0.04123333333333333
11 0.5996428571428571 0.8352666666666667 0.04178571428571428 0.04256666666666666
13 0.6381547619047618 0.8356 0.044642857142857144 0.040633333333333334
6 0.915 0.8358 0.04130952380952381 0.03846666666666666
1 0.8775595238095238 0.8358666666666666 0.039047619047619046 0.043500000000000004
1 0.7596428571428572 0.8362333333333334 0.04220238095238095 0.038200000000000005
11 0.11630952380952381 0.8367666666666667 0.0393452380952381 0.042333333333333334
6 0.24440476190476193 0.8385666666666667 0.04136904761904762 0.03883333333333334
13 0.15482142857142858 0.8387333333333333 0.041845238095238095 0.04223333333333333
5 0.3659523809523809 0.8388333333333333 0.03773809523809524 0.0394
9 0.44321428571428567 0.839 0.03791666666666667 0.03656666666666667
4 0.3294047619047619 0.8393999999999999 0.038214285714285715 0.03846666666666666
1 0.20375 0.8394333333333334 0.04113095238095238 0.039299999999999995
3 0.40458333333333335 0.8394333333333334 0.03791666666666667 0.0385
17 0.6430357142857143 0.9217 0.04244047619047619 0.040266666666666666
2 0.9214285714285715 0.9219333333333333 0.0344047619047619 0.03816666666666666
29 0.6014880952380952 0.9221333333333332 0.03738095238095238 0.039799999999999995
8 0.8467261904761905 0.9223 0.03755952380952381 0.0358
3 0.8842857142857143 0.9224333333333334 0.036904761904761905 0.035866666666666665
0 0.8089285714285714 0.9224666666666667 0.03738095238095238 0.037899999999999996
8 0.7701785714285714 0.9228 0.03607142857142857 0.037366666666666666
32 0.6834523809523809 0.9229 0.039464285714285716 0.04123333333333333
11 0.16321428571428573 0.9229666666666666 0.04738095238095238 0.0397
11 0.21107142857142858 0.9231 0.046309523809523814 0.03833333333333333
21 0.2581547619047619 0.9232666666666667 0.048749999999999995 0.035833333333333335
1 0.3142857142857143 0.9235 0.04005952380952381 0.0385
1 0.4017857142857143 0.9253333333333335 0.0393452380952381 0.0378
7 0.3134523809523809 0.12246666666666667 0.040535714285714286 0.041466666666666666
0 0.35601190476190475 0.12283333333333334 0.03880952380952381 0.04133333333333333
11 0.12136904761904763 0.1229 0.0443452380952381 0.04173333333333333
9 0.2679761904761905 0.12296666666666667 0.044226190476190474 0.04016666666666667
28 0.5880357142857143 0.123 0.04196428571428571 0.0383
0 0.3985714285714285 0.12326666666666665 0.04428571428571429 0.0389
10 0.2113690476190476 0.12333333333333334 0.04297619047619047 0.0385
6 0.8045833333333332 0.12349999999999998 0.03761904761904762 0.0394
15 0.7118452380952381 0.12386666666666665 0.04178571428571428 0.0401
32 0.6283928571428571 0.12393333333333333 0.039702380952380954 0.03913333333333333
17 0.8827976190476191 0.12443333333333333 0.03851190476190476 0.0375
9 0.7647619047619048 0.1250666666666667 0.038571428571428576 0.0405
2 0.8410119047619047 0.12523333333333334 0.03886904761904762 0.040433333333333335
27 0.689702380952381 0.17336666666666667 0.04136904761904762 0.035333333333333335
17 0.7328571428571429 0.17383333333333334 0.04452380952380953 0.035333333333333335
6 0.7480357142857142 0.21030000000000001 0.036547619047619044 0.0358
6 0.7864285714285715 0.21030000000000001 0.03815476190476191 0.037599999999999995
29 0.6522023809523809 0.21073333333333333 0.04136904761904762 0.0349
1 0.7064880952380952 0.21073333333333333 0.044583333333333336 0.036699999999999997
17 0.8383333333333334 0.2114 0.04934523809523809 0.03623333333333333
25 0.1855952380952381 0.2117 0.046547619047619046 0.04136666666666667
2 0.2686904761904762 0.21186666666666668 0.04428571428571429 0.0386
7 0.3125595238095238 0.21213333333333334 0.04220238095238095 0.03933333333333334
9 0.38208333333333333 0.21236666666666668 0.042083333333333334 0.0403
11 0.13851190476190475 0.21256666666666668 0.044642857142857144 0.041633333333333335
5 0.4238690476190476 0.21273333333333333 0.042738095238095235 0.03883333333333334
18 0.15779761904761905 0.29656666666666665 0.036726190476190475 0.04033333333333333
5 0.3355952380952381 0.29656666666666665 0.041607142857142856 0.04066666666666666
17 0.24238095238095236 0.2966333333333333 0.04202380952380952 0.0413
13 0.6460119047619047 0.2967 0.048333333333333325 0.041999999999999996
25 0.2830952380952381 0.2968 0.039285714285714285 0.039433333333333334
4 0.4129166666666667 0.2970333333333333 0.03892857142857143 0.042133333333333335
7 0.7348809523809523 0.2971 0.04375 0.04206666666666666
0 0.3746428571428571 0.2973 0.038571428571428576 0.040266666666666666
4 0.7788095238095238 0.29733333333333334 0.04214285714285714 0.0425
32 0.11833333333333333 0.29733333333333334 0.04095238095238095 0.040966666666666665
1 0.4516071428571429 0.2975 0.04101190476190476 0.0444
0 0.867797619047619 0.2977333333333333 0.042738095238095235 0.042100000000000005
9 0.8216071428571429 0.2978 0.04339285714285714 0.04006666666666667