31 0.4435909090909091 0.5958515283842795 0.08254545454545455 0.10969432314410481
5 0.7848181818181817 0.5968122270742358 0.0665 0.1117467248908297
5 0.7093636363636364 0.5968995633187772 0.0675 0.11148471615720525
1 0.1966818181818182 0.5976419213973799 0.04968181818181818 0.11353711790393013
10 0.3603181818181818 0.5987336244541486 0.08818181818181818 0.11393013100436682
6 0.862909090909091 0.6009606986899564 0.064 0.10707423580786025
27 0.5327727272727273 0.602882096069869 0.08018181818181819 0.11262008733624454
8 0.4904090909090909 0.824235807860262 0.07631818181818181 0.11532751091703057
5 0.40627272727272723 0.8253711790393012 0.07236363636363637 0.12074235807860262
31 0.29427272727272724 0.8262445414847162 0.09159090909090908 0.1222707423580786
31 0.8001363636363636 0.8262882096069869 0.0915 0.12161572052401748
10 0.20713636363636365 0.8276419213973799 0.09286363636363636 0.125764192139738
22 0.7023636363636364 0.8278602620087336 0.10886363636363636 0.1248471615720524
0 0.5669545454545455 0.830174672489083 0.07186363636363637 0.11493449781659389
31 0.49227272727272725 0.14270742358078603 0.09331818181818183 0.12331877729257641
7 0.7859999999999999 0.14458515283842793 0.07336363636363637 0.11489082969432314
10 0.5910000000000001 0.14475982532751092 0.09754545454545455 0.1206113537117904
0 0.8702727272727273 0.14493449781659387 0.0745909090909091 0.11550218340611354
2 0.7069545454545455 0.14611353711790392 0.07622727272727273 0.1206113537117904
13 0.32045454545454544 0.14611353711790392 0.09040909090909091 0.12506550218340612
11 0.21227272727272728 0.14694323144104804 0.08986363636363637 0.12331877729257641
31 0.8165454545454545 0.3724454148471616 0.07781818181818183 0.13248908296943232
27 0.7155454545454545 0.3732751091703057 0.07463636363636364 0.12903930131004368
10 0.6262727272727273 0.37410480349344977 0.08204545454545455 0.13048034934497815
1 0.3867272727272727 0.37458515283842797 0.05809090909090909 0.13384279475982533
8 0.4686818181818182 0.3746288209606987 0.06909090909090909 0.13065502183406114
32 0.28104545454545454 0.3756768558951965 0.09031818181818183 0.13995633187772924
28 0.17631818181818182 0.37777292576419214 0.07631818181818181 0.13253275109170307