5 0.4083132530120482 0.5016831683168317 0.04823293172690763 0.08460396039603961
5 0.7961847389558233 0.5031683168316832 0.050401606425702815 0.08891089108910892
4 0.9403614457831325 0.5048019801980198 0.0459437751004016 0.08821782178217821
29 0.7386746987951808 0.505 0.04979919678714859 0.0904950495049505
13 0.6844578313253012 0.5067821782178218 0.04678714859437751 0.08693069306930692
7 0.3633734939759036 0.5080693069306931 0.04558232931726908 0.09
30 0.29678714859437755 0.5084653465346535 0.050441767068273094 0.09207920792079209
1 0.84285140562249 0.508960396039604 0.045180722891566265 0.08915841584158417
8 0.8895180722891567 0.5092079207920792 0.04437751004016065 0.0895049504950495
23 0.15004016064257028 0.5093564356435644 0.049759036144578314 0.09099009900990099
4 0.4526104417670683 0.5096039603960396 0.04393574297188755 0.08663366336633663
10 0.24751004016064257 0.5113861386138614 0.04305220883534137 0.08613861386138613
22 0.5928112449799198 0.5116336633663366 0.04835341365461847 0.08767326732673268
18 0.10377510040160642 0.511980198019802 0.0423293172690763 0.0911881188118812
3 0.9374698795180724 0.6967821782178217 0.04718875502008032 0.09123762376237624
0 0.8429718875502008 0.7005940594059407 0.04289156626506024 0.08742574257425742
2 0.7964658634538152 0.7014356435643564 0.04506024096385543 0.08742574257425742
22 0.6878714859437751 0.7015841584158415 0.05253012048192771 0.08881188118811882
9 0.8897590361445784 0.7022772277227723 0.044939759036144576 0.08603960396039603
11 0.7413654618473895 0.7023267326732674 0.048835341365461846 0.09163366336633665
28 0.5890763052208836 0.7032673267326732 0.049718875502008035 0.08871287128712872
27 0.32751004016064256 0.7033663366336634 0.04421686746987952 0.08594059405940593
5 0.42534136546184736 0.7037623762376237 0.04273092369477912 0.0849009900990099
31 0.2838955823293173 0.7038613861386139 0.03726907630522088 0.08633663366336634
1 0.46686746987951805 0.7043564356435643 0.03903614457831325 0.08782178217821782
11 0.18991967871485943 0.7044554455445545 0.043855421686746984 0.089009900990099
1 0.37751004016064255 0.7047524752475248 0.04048192771084337 0.08673267326732673
24 0.14473895582329316 0.7051485148514851 0.03963855421686747 0.08084158415841583
32 0.10116465863453816 0.705891089108911 0.04244979919678715 0.0911881188118812
4 0.9409236947791164 0.887970297029703 0.04485943775100402 0.0894059405940594
9 0.895421686746988 0.888019801980198 0.045903614457831324 0.08678217821782179
2 0.7975502008032128 0.8884158415841584 0.04534136546184739 0.08811881188118813
0 0.8440562248995983 0.8910891089108911 0.04349397590361446 0.08752475247524752
11 0.743012048192771 0.8942079207920792 0.04967871485943775 0.09227722772277228
22 0.6935341365461847 0.8946534653465347 0.04666666666666666 0.08787128712871287
2 0.45811244979919674 0.894950495049505 0.040120481927710845 0.08440594059405941
27 0.32309236947791165 0.894950495049505 0.045863453815261045 0.09623762376237624
5 0.41638554216867474 0.8951485148514852 0.041244979919678716 0.08866336633663366
28 0.5930923694779117 0.8951485148514852 0.049036144578313255 0.08257425742574258
31 0.27987951807228917 0.8951980198019802 0.041244979919678716 0.09198019801980198
1 0.3742971887550201 0.8955445544554456 0.03959839357429719 0.09485148514851485
11 0.18526104417670683 0.8965346534653466 0.04598393574297188 0.09074257425742574
24 0.14216867469879518 0.8971782178217821 0.04269076305220884 0.08787128712871287
32 0.09795180722891567 0.8984158415841583 0.03867469879518073 0.08925742574257427
11 0.17586345381526103 0.1099009900990099 0.04879518072289157 0.09163366336633665
3 0.2760240963855422 0.1103960396039604 0.050200803212851405 0.09212871287128713
24 0.12497991967871486 0.11094059405940594 0.050401606425702815 0.09222772277227723
24 0.6181927710843373 0.11222772277227723 0.046345381526104415 0.0894059405940594
31 0.38819277108433736 0.11222772277227723 0.04742971887550201 0.09163366336633665
8 0.8157429718875502 0.11287128712871287 0.04867469879518072 0.09415841584158416
7 0.3251004016064257 0.11356435643564357 0.04626506024096386 0.09485148514851485
32 0.0680722891566265 0.11405940594059405 0.05100401606425702 0.09564356435643565
31 0.8735341365461847 0.11410891089108911 0.051325301204819276 0.09846534653465347
3 0.7645783132530121 0.11465346534653466 0.04771084337349398 0.09188118811881188
11 0.6682329317269076 0.11519801980198019 0.05172690763052209 0.09732673267326733
32 0.5639759036144578 0.11683168316831684 0.0478714859437751 0.09099009900990099
3 0.9339759036144578 0.31193069306930693 0.04939759036144579 0.09252475247524754
8 0.8844979919678715 0.3153960396039604 0.046024096385542175 0.0904950495049505
8 0.886987951807229 0.31613861386138614 0.044939759036144576 0.09014851485148516
5 0.7913654618473897 0.3168811881188119 0.04730923694779116 0.09064356435643564
29 0.73285140562249 0.316980198019802 0.045662650602409635 0.0899009900990099
23 0.14429718875502007 0.31712871287128713 0.05196787148594377 0.09188118811881188
13 0.6805220883534137 0.3171782178217821 0.04767068273092369 0.0891089108910891
18 0.09895582329317269 0.31722772277227723 0.04108433734939759 0.09801980198019802
1 0.8376305220883534 0.3178712871287128 0.0455421686746988 0.09158415841584158
5 0.4040963855421687 0.3180693069306931 0.04807228915662651 0.0902970297029703
3 0.4518875502008032 0.3180693069306931 0.05144578313253012 0.09108910891089109
7 0.3594779116465864 0.3181683168316832 0.04678714859437751 0.09173267326732674
30 0.29457831325301204 0.3183168316831683 0.050281124497991964 0.09613861386138614
10 0.24365461847389558 0.3195049504950495 0.04373493975903615 0.08960396039603961
22 0.5844578313253012 0.3200990099009901 0.05253012048192771 0.08707920792079207