38 0.2680272108843537 0.5974853801169591 0.06625850340136055 0.07409356725146199
38 0.36666666666666664 0.6359649122807017 0.07302721088435374 0.06532163742690059
37 0.13568027210884354 0.6676608187134503 0.07931972789115646 0.0954970760233918
16 0.31819727891156463 0.6735087719298246 0.07700680272108844 0.07210526315789474
16 0.14758503401360545 0.7426900584795322 0.07139455782312924 0.10134502923976607
1 0.47547619047619044 0.14666666666666667 0.05034013605442177 0.05947368421052632
2 0.4763265306122449 0.20421052631578948 0.04863945578231293 0.051637426900584794
8 0.3706122448979592 0.22076023391812866 0.05605442176870749 0.051637426900584794
9 0.22863945578231293 0.2222222222222222 0.06795918367346938 0.06824561403508772
0 0.07700680272108844 0.25146198830409355 0.08670068027210884 0.07994152046783626
9 0.4808843537414966 0.2573099415204678 0.045238095238095244 0.05654970760233918
9 0.3760204081632653 0.28169590643274856 0.056598639455782314 0.050701754385964914
2 0.23741496598639455 0.29432748538011694 0.07078231292517007 0.07017543859649122
12 0.48428571428571426 0.324093567251462 0.045238095238095244 0.05555555555555555
0 0.09030612244897959 0.334327485380117 0.0815986394557823 0.08187134502923976
10 0.3842176870748299 0.34842105263157896 0.056020408163265305 0.05555555555555555
22 0.48880952380952386 0.3811111111111111 0.04751700680272109 0.05654970760233918
17 0.24649659863945578 0.3869590643274854 0.07078231292517007 0.07409356725146199
23 0.38904761904761903 0.4108187134502924 0.05772108843537414 0.06140350877192982
3 0.10136054421768707 0.41327485380116963 0.084421768707483 0.08187134502923976
25 0.25384353741496596 0.4649122807017544 0.06853741496598639 0.06625730994152047
3 0.6033333333333333 0.5009941520467837 0.057687074829931975 0.044853801169590646
11 0.11751700680272108 0.5141520467836257 0.08384353741496599 0.10040935672514621
6 0.5758163265306122 0.5175438596491229 0.04921768707482994 0.04678362573099415
7 0.5358503401360544 0.5365497076023392 0.05204081632653061 0.051637426900584794
6 0.50921768707483 0.5584795321637427 0.053163265306122455 0.05456140350877193
12 0.4564965986394558 0.5838011695906432 0.06680272108843538 0.05654970760233918