11 0.6392165898617512 0.6791810344827586 0.06940092165898618 0.1194396551724138
32 0.48824884792626727 0.6818965517241379 0.0695852534562212 0.11150862068965518
24 0.5648387096774193 0.6823706896551724 0.06857142857142857 0.10905172413793104
28 0.5588940092165898 0.25323275862068967 0.06529953917050692 0.10784482758620689
21 0.41539170506912443 0.25426724137931034 0.07235023041474654 0.1071551724137931
27 0.762258064516129 0.2544396551724138 0.07036866359447004 0.11081896551724138
11 0.6280184331797235 0.2545258620689655 0.06359447004608296 0.10754310344827586
24 0.3535023041474654 0.2546551724137931 0.06815668202764977 0.10754310344827586
16 0.8371428571428571 0.2548706896551724 0.06746543778801843 0.10987068965517241
30 0.697557603686636 0.255 0.06668202764976959 0.10698275862068965
15 0.4862211981566821 0.255301724137931 0.06184331797235023 0.11099137931034483
32 0.27889400921658986 0.25538793103448276 0.067926267281106 0.10495689655172415