14 0.6081428571428571 0.11780303030303031 0.03894285714285715 0.1599242424242424
8 0.3876857142857143 0.11878787878787879 0.04214285714285714 0.15272727272727274
39 0.6479714285714285 0.11916666666666667 0.03585714285714286 0.15590909090909089
7 0.14502857142857142 0.11916666666666667 0.03837142857142857 0.1637878787878788
13 0.9250571428571428 0.11924242424242425 0.04008571428571429 0.15742424242424244
33 0.22494285714285717 0.11946969696969696 0.040485714285714285 0.14924242424242423
5 0.2668 0.1196969696969697 0.04125714285714285 0.15893939393939394
38 0.7262 0.11992424242424242 0.03822857142857143 0.15113636363636362
27 0.6877142857142857 0.12022727272727272 0.036514285714285714 0.1556060606060606
21 0.8841142857142857 0.12037878787878788 0.039 0.15484848484848485
32 0.8043142857142856 0.12083333333333333 0.03857142857142857 0.15651515151515152
13 0.1856 0.12090909090909091 0.03831428571428572 0.1572727272727273
0 0.307 0.12098484848484849 0.04285714285714286 0.15977272727272726
27 0.8448571428571429 0.12143939393939394 0.037085714285714284 0.15825757575757576
1 0.34622857142857144 0.12196969696969698 0.04282857142857143 0.15424242424242424
31 0.33508571428571426 0.6803030303030303 0.043314285714285715 0.15780303030303028
31 0.1978 0.6809090909090909 0.03931428571428571 0.15643939393939393
14 0.23848571428571427 0.6812878787878789 0.04277142857142857 0.15742424242424244
14 0.37505714285714287 0.6813636363636364 0.0424 0.1553030303030303
38 0.15877142857142856 0.6819696969696969 0.039542857142857143 0.15840909090909092
27 0.4142 0.6821212121212121 0.04371428571428572 0.15295454545454545
22 0.12 0.6825 0.042742857142857145 0.16068181818181818
24 0.9034285714285714 0.6827272727272727 0.0438 0.1503030303030303
6 0.5896571428571429 0.6831818181818182 0.038142857142857145 0.15962121212121214
13 0.9436571428571428 0.6831818181818182 0.03974285714285714 0.14916666666666667
38 0.29397142857142855 0.6836363636363636 0.04554285714285714 0.15446969696969698
11 0.7033428571428572 0.683939393939394 0.04137142857142857 0.15636363636363637
27 0.864 0.683939393939394 0.04017142857142857 0.15318181818181817
29 0.8217428571428572 0.6841666666666667 0.03785714285714286 0.16393939393939394
18 0.7804857142857143 0.6843181818181818 0.037771428571428574 0.15431818181818183
27 0.7446857142857143 0.6846212121212122 0.039 0.1625
1 0.6300571428571429 0.685530303030303 0.041 0.1590151515151515