27 0.5510222222222222 0.5517777777777778 0.05764444444444445 0.08613333333333333
21 0.30333333333333334 0.5523111111111111 0.0592 0.09173333333333333
25 0.2454222222222222 0.5527555555555556 0.056933333333333336 0.08800000000000001
35 0.4854222222222222 0.5528444444444445 0.054933333333333334 0.08457777777777778
10 0.3685777777777778 0.5537777777777777 0.053066666666666665 0.08555555555555555
29 0.4276 0.5540888888888889 0.05142222222222222 0.08502222222222222
35 0.4849333333333333 0.6894222222222223 0.0552 0.08986666666666666
21 0.3022222222222222 0.6895555555555556 0.062266666666666665 0.09257777777777777
10 0.3698222222222222 0.6896444444444444 0.055688888888888885 0.08533333333333333
29 0.42831111111111114 0.689911111111111 0.05257777777777778 0.09048888888888888
27 0.5514222222222221 0.6922222222222222 0.05715555555555555 0.08982222222222222
25 0.2452 0.6942222222222222 0.055155555555555555 0.09395555555555556
10 0.3693333333333333 0.40484444444444445 0.05142222222222222 0.08
21 0.30360000000000004 0.40488888888888885 0.05804444444444445 0.08706666666666667
29 0.4259555555555556 0.4057777777777778 0.05106666666666667 0.08475555555555556
25 0.24582222222222222 0.40626666666666666 0.05595555555555556 0.08866666666666666
35 0.4855555555555556 0.40902222222222223 0.055822222222222224 0.08417777777777778
27 0.5495555555555556 0.40986666666666666 0.05595555555555556 0.0876