33 0.4530922693266833 0.232 0.024912718204488777 0.104
18 0.5808229426433915 0.23263999999999999 0.011097256857855361 0.10936
29 0.5975062344139651 0.23272 0.02314214463840399 0.10048
1 0.5531172069825436 0.23296 0.018104738154613467 0.1024
3 0.509002493765586 0.2336 0.0199501246882793 0.09904
10 0.4262094763092269 0.23376 0.029600997506234412 0.09431999999999999
15 0.8392768079800499 0.23424 0.019276807980049878 0.1056
4 0.7678304239401496 0.23432 0.020997506234413967 0.0996
17 0.8139650872817955 0.23432 0.02625935162094763 0.10168
8 0.48710723192019956 0.23488 0.02234413965087282 0.0984
0 0.7448379052369077 0.23488 0.021571072319201995 0.10576
2 0.9070573566084789 0.23536 0.02254364089775561 0.09944
16 0.8637157107231921 0.23544 0.02708229426433915 0.10887999999999999
0 0.5312219451371571 0.23552 0.021496259351620944 0.10336
31 0.21568578553615958 0.49632 0.02693266832917706 0.10776000000000001
20 0.4920199501246883 0.49712 0.022817955112219453 0.10936
10 0.5166084788029925 0.49744 0.028578553615960102 0.1
27 0.427930174563591 0.49816000000000005 0.02344139650872818 0.10152
10 0.45144638403990023 0.49863999999999997 0.02603491271820449 0.10064000000000001
35 0.8802992518703242 0.49863999999999997 0.025261845386533668 0.10424
29 0.24067331670822945 0.49895999999999996 0.023790523690773065 0.10048
0 0.14723192019950124 0.4992 0.022294264339152117 0.10456
0 0.7879301745635909 0.49960000000000004 0.02022443890274314 0.10448
16 0.9054613466334164 0.50048 0.027655860349127183 0.1004
16 0.8544638403990025 0.5008 0.027805486284289277 0.1044
11 0.2633665835411471 0.50088 0.022219451371571074 0.10272
0 0.7660099750623441 0.50088 0.020673316708229424 0.10128
3 0.7430423940149625 0.50104 0.02002493765586035 0.09656
5 0.12476309226932669 0.50104 0.024413965087281792 0.10184
8 0.16912718204488777 0.5012 0.019301745635910226 0.10776000000000001
8 0.5548877805486284 0.50136 0.020947630922693267 0.10264
9 0.8098004987531172 0.50168 0.02259351620947631 0.10232
8 0.5992019950124688 0.50192 0.02226932668329177 0.10016
3 0.5378304239401496 0.76488 0.018728179551122194 0.10615999999999999
13 0.11678304239401496 0.7656000000000001 0.02937655860349127 0.10496
18 0.5894763092269326 0.7656799999999999 0.00802992518703242 0.10776000000000001
20 0.5745885286783042 0.7659199999999999 0.02249376558603491 0.10168
16 0.2805486284289277 0.76688 0.027955112219451374 0.10456
24 0.1456359102244389 0.7669600000000001 0.029825436408977557 0.10392
32 0.7500997506234415 0.76744 0.039875311720698255 0.10536
6 0.5165586034912718 0.7676000000000001 0.022793017456359102 0.10552
5 0.21087281795511223 0.7676000000000001 0.021346633416458854 0.10543999999999999
11 0.4406234413965087 0.7678400000000001 0.02314214463840399 0.10376
4 0.23249376558603493 0.7679199999999999 0.02309226932668329 0.10512
6 0.18875311720698254 0.76816 0.022817955112219453 0.10056
9 0.4944887780548628 0.76912 0.022294264339152117 0.10064000000000001
32 0.9069576059850374 0.76936 0.036284289276807984 0.1016
3 0.2547630922693267 0.7696000000000001 0.020149625935162094 0.1008
14 0.7809476309226934 0.77008 0.02027431421446384 0.10504000000000001
11 0.876857855361596 0.7704 0.021097256857855365 0.10224
3 0.8097506234413965 0.7707999999999999 0.02059850374064838 0.10112
6 0.8550872817955112 0.7718400000000001 0.023167082294264337 0.10176
0 0.8327680798004987 0.77248 0.02082294264339152 0.09864