0 0.8530491803278689 0.7665454545454545 0.07960655737704918 0.26012121212121214
5 0.9422295081967212 0.7675151515151515 0.08285245901639345 0.24915151515151515
0 0.7630491803278688 0.7703030303030303 0.07832786885245901 0.26096969696969696
2 0.6750491803278688 0.7738787878787878 0.07645901639344263 0.2593333333333333
0 0.3181967213114754 0.7755757575757576 0.07944262295081968 0.25587878787878787
21 0.22836065573770495 0.7756363636363637 0.07819672131147541 0.2507272727272727
7 0.40429508196721314 0.7761818181818182 0.08081967213114753 0.25363636363636366
19 0.5277049180327869 0.7761818181818182 0.08777049180327869 0.25242424242424244
20 0.14114754098360655 0.7770303030303031 0.08127868852459016 0.26072727272727275
5 0.9411803278688524 0.22054545454545454 0.08304918032786884 0.2546060606060606
0 0.8520655737704917 0.22090909090909092 0.0781311475409836 0.26406060606060605
0 0.7621639344262295 0.2232121212121212 0.07842622950819672 0.25563636363636366
19 0.5296393442622951 0.22654545454545455 0.08508196721311476 0.26545454545454544
7 0.40419672131147544 0.2286060606060606 0.07963934426229508 0.26036363636363635
20 0.14091803278688522 0.2286060606060606 0.07750819672131148 0.25624242424242427
2 0.675016393442623 0.22915151515151516 0.07816393442622951 0.25563636363636366
21 0.22727868852459013 0.22969696969696968 0.07767213114754098 0.2561212121212121
0 0.3174754098360656 0.22981818181818184 0.0759344262295082 0.2535757575757576