32 0.48833333333333334 0.6700429184549357 0.07444444444444444 0.11377682403433477
11 0.6371296296296296 0.6704721030042918 0.07412037037037038 0.11412017167381974
24 0.5622685185185186 0.6742489270386266 0.06550925925925927 0.10995708154506438
15 0.4846759259259259 0.24914163090128755 0.06421296296296296 0.10995708154506438
21 0.41550925925925924 0.2491845493562232 0.0700462962962963 0.10515021459227468
24 0.3506944444444444 0.2492274678111588 0.06412037037037037 0.10721030042918456
11 0.6276851851851852 0.2501716738197425 0.06421296296296296 0.10746781115879828
30 0.6989814814814814 0.25051502145922744 0.0661111111111111 0.10527896995708155
16 0.835462962962963 0.2507725321888412 0.06666666666666667 0.10939914163090128
27 0.7624074074074074 0.2511587982832618 0.07097222222222223 0.10751072961373391
32 0.27791666666666665 0.2511587982832618 0.06935185185185186 0.10866952789699572
28 0.5580092592592593 0.2512017167381974 0.06351851851851852 0.1057510729613734