14 0.48034749034749036 0.578659793814433 0.15563706563706564 0.3490721649484536
1 0.8618918918918919 0.581340206185567 0.15803088803088802 0.3666494845360824
18 0.27745173745173746 0.5814948453608247 0.12776061776061778 0.3511340206185567
30 0.6404247104247105 0.5863917525773196 0.16455598455598455 0.33649484536082475
28 0.1369111969111969 0.5943298969072165 0.15154440154440155 0.35077319587628863
17 0.7257915057915058 0.3040721649484536 0.06613899613899614 0.11556701030927836
12 0.6632432432432432 0.3050515463917526 0.05918918918918919 0.10974226804123711
30 0.46837837837837837 0.3052061855670103 0.058223938223938225 0.1070618556701031
28 0.5967181467181467 0.30623711340206183 0.06011583011583012 0.11561855670103093
29 0.5269498069498069 0.30721649484536084 0.06305019305019305 0.11283505154639176
13 0.26791505791505793 0.30783505154639174 0.060386100386100386 0.11381443298969071
14 0.3334749034749035 0.30927835051546393 0.05891891891891892 0.11474226804123712