16 0.6028333333333333 0.11220238095238096 0.03386666666666667 0.07940476190476191
14 0.6319666666666667 0.11684523809523809 0.028933333333333332 0.08232142857142857
27 0.6625 0.12541666666666668 0.030233333333333334 0.08089285714285714
22 0.6949333333333333 0.1311904761904762 0.03453333333333333 0.08029761904761905
10 0.7250333333333333 0.13827380952380952 0.029766666666666667 0.08428571428571428
23 0.7553333333333333 0.14428571428571427 0.032233333333333336 0.07726190476190477
21 0.4952333333333333 0.2056547619047619 0.03153333333333334 0.08119047619047619
18 0.5225333333333333 0.2107738095238095 0.02393333333333333 0.08589285714285715
12 0.5525333333333333 0.21875 0.03356666666666667 0.08208333333333333
14 0.5812999999999999 0.22535714285714287 0.029033333333333335 0.08386904761904762
23 0.6123999999999999 0.2316666666666667 0.0319 0.07779761904761905
28 0.6440333333333333 0.23892857142857143 0.0306 0.08
14 0.6738666666666666 0.24470238095238095 0.0352 0.08119047619047619
25 0.7152000000000001 0.25345238095238093 0.03836666666666667 0.08220238095238096
21 0.7462333333333333 0.26011904761904764 0.03453333333333333 0.08107142857142857
10 0.7779666666666666 0.26857142857142857 0.034833333333333334 0.08208333333333333
29 0.8089 0.2756547619047619 0.031799999999999995 0.08285714285714285
14 0.8372666666666667 0.2813095238095238 0.033133333333333334 0.08291666666666667
28 0.8696333333333333 0.2886309523809524 0.037566666666666665 0.08291666666666667