31 0.8018222222222222 0.6781333333333334 0.09035555555555555 0.1244
31 0.2950222222222222 0.6791555555555555 0.09128888888888889 0.12235555555555556
10 0.20755555555555558 0.6796888888888889 0.08831111111111112 0.12128888888888889
22 0.7024444444444445 0.6806222222222221 0.10275555555555556 0.12328888888888888
0 0.5676444444444444 0.6816444444444445 0.07257777777777777 0.11995555555555555
5 0.4088 0.6823555555555556 0.0764888888888889 0.12942222222222222
8 0.4920444444444444 0.6831111111111111 0.074 0.12075555555555556
2 0.7079555555555556 0.31275555555555556 0.07991111111111111 0.12537777777777778
10 0.5888888888888889 0.31346666666666667 0.1043111111111111 0.12751111111111113
31 0.4938222222222222 0.31560000000000005 0.09075555555555556 0.13124444444444444
7 0.7889777777777778 0.3168 0.07693333333333333 0.1244888888888889
0 0.8699111111111111 0.3172888888888889 0.0764888888888889 0.12235555555555556
13 0.31826666666666664 0.3174222222222222 0.09026666666666666 0.12724444444444444
11 0.21333333333333335 0.3179555555555556 0.09462222222222222 0.1363111111111111