3 0.8318110236220473 0.6027272727272728 0.07389763779527558 0.14626262626262626
20 0.6159448818897637 0.6029292929292929 0.07905511811023622 0.15015151515151515
10 0.239251968503937 0.603030303030303 0.07452755905511811 0.15
12 0.3999212598425197 0.603989898989899 0.07409448818897638 0.14914141414141416
13 0.5361023622047244 0.604040404040404 0.06846456692913386 0.1503030303030303
11 0.32098425196850394 0.6042929292929293 0.07401574803149606 0.15116161616161616
1 0.7098425196850394 0.6043939393939394 0.050905511811023624 0.1511111111111111
2 0.7657086614173229 0.6065656565656565 0.06582677165354331 0.14191919191919192
2 0.7641732283464566 0.3003535353535354 0.06720472440944882 0.15136363636363637
10 0.2368503937007874 0.3016161616161616 0.07795275590551182 0.14994949494949494
13 0.5347637795275592 0.3020707070707071 0.0705511811023622 0.15292929292929294
11 0.31972440944881886 0.30217171717171715 0.07452755905511811 0.15207070707070708
1 0.7083070866141732 0.3023232323232323 0.05279527559055118 0.15484848484848485
12 0.39818897637795275 0.30262626262626263 0.07673228346456692 0.1507070707070707
20 0.616732283464567 0.30262626262626263 0.07996062992125984 0.1458080808080808
3 0.8307480314960629 0.3046969696969697 0.07145669291338583 0.14762626262626263