5 0.7070322580645162 0.6553987730061349 0.06996774193548387 0.20472392638036807
22 0.4021935483870968 0.6571165644171779 0.08148387096774194 0.2128834355828221
15 0.3326774193548387 0.6574233128834356 0.05509677419354838 0.21251533742331288
31 0.5538064516129032 0.6577914110429448 0.06525806451612903 0.20570552147239266
1 0.7652903225806452 0.6602453987730061 0.051774193548387096 0.21871165644171778
17 0.27238709677419354 0.6604294478527608 0.059064516129032255 0.21539877300613497
12 0.621225806451613 0.6606134969325154 0.0664516129032258 0.208159509202454
9 0.823516129032258 0.6612269938650307 0.06080645161290323 0.21042944785276071
5 0.7066129032258065 0.26975460122699385 0.07141935483870968 0.20773006134969324
15 0.3323548387096774 0.26993865030674846 0.055580645161290326 0.21171779141104294
31 0.5546129032258065 0.27042944785276074 0.06509677419354838 0.20650306748466254
22 0.4022258064516129 0.27079754601226996 0.08232258064516129 0.20901840490797546
12 0.618741935483871 0.2725766871165644 0.067 0.20687116564417177
9 0.8239677419354839 0.27312883435582824 0.06351612903225806 0.21116564417177916
1 0.7630322580645161 0.2734969325153374 0.05254838709677419 0.2083435582822086
17 0.2731290322580645 0.27595092024539875 0.06225806451612904 0.21895705521472392