27 0.46853281853281853 0.6453608247422681 0.029034749034749032 0.06293814432989692
22 0.4075289575289575 0.646340206185567 0.02965250965250965 0.06221649484536083
33 0.4942471042471042 0.6470618556701031 0.017644787644787645 0.061340206185567014
6 0.6223166023166024 0.6991752577319587 0.025444015444015443 0.060670103092783506
2 0.5950965250965251 0.7001546391752578 0.025907335907335908 0.06005154639175258
2 0.535907335907336 0.701082474226804 0.028764478764478765 0.060670103092783506
2 0.5658301158301159 0.7016494845360824 0.029111969111969112 0.058762886597938144
4 0.349100447117939 0.20051546391752575 0.38152747441913937 0.18402061855670104 0.35875134810043907 0.11804123711340206 0.32979864515293883 0.13402061855670103
9 0.29582747369453843 0.14845360824742265 0.3251662126813387 0.13298969072164946 0.34794233900003896 0.2036082474226804 0.3182175639739387 0.2175257731958763
1 0.2792279240046382 0.23402061855670103 0.3151292756595386 0.21855670103092786 0.29080900518363834 0.14896907216494845 0.25954008600033807 0.16391752577319588 0.2796139600439383 0.23556701030927832
7 0.22556891454193764 0.17938144329896905 0.25876801392173804 0.16340206185567008 0.27884188796533826 0.23865979381443297 0.2487310768999379 0.2505154639175258 0.22556891454193767 0.18092783505154644 0.22556891454193767 0.17989690721649487
17 0.1298841698841699 0.21639175257731957 0.04073359073359074 0.08268041237113402
17 0.08722007722007721 0.22 0.043166023166023165 0.0884020618556701
0 0.19198377912283726 0.1979381443298969 0.22093648207033767 0.18247422680412373 0.2444846804676378 0.24896907216494843 0.21244368920573753 0.2654639175257732
17 0.11940900373443648 0.23247422680412372 0.1518360310356369 0.21649484536082475 0.1738400852757371 0.2860824742268041 0.13909684173873674 0.3025773195876289
17 0.08237813706563707 0.2515463917525773 0.11632071542003646 0.2345360824742268 0.13716666154223667 0.3036082474226804 0.10396756216243634 0.3211340206185568