4 0.8229464285714285 0.7428 0.10035714285714285 0.3538
5 0.7222321428571428 0.7468 0.10973214285714285 0.3380666666666667
32 0.26711309523809523 0.7472666666666666 0.09666666666666665 0.3307333333333333
16 0.47244047619047624 0.7474 0.11047619047619046 0.3415333333333333
4 0.9257440476190476 0.7482666666666666 0.10660714285714286 0.35673333333333335
16 0.5855654761904762 0.7493333333333334 0.10687499999999998 0.3362
32 0.1611904761904762 0.7493333333333334 0.09577380952380952 0.33593333333333336
5 0.7255059523809524 0.2477333333333333 0.11291666666666667 0.35613333333333336
16 0.5788690476190477 0.2508666666666667 0.10818452380952381 0.3365333333333333
32 0.15166666666666667 0.25093333333333334 0.09589285714285714 0.3244666666666667
4 0.9323809523809523 0.25293333333333334 0.11080357142857142 0.35286666666666666
4 0.8334523809523811 0.2532666666666667 0.11002976190476191 0.3599333333333333
16 0.46934523809523804 0.2534 0.10577380952380952 0.33626666666666666
32 0.2596130952380952 0.2546 0.09547619047619046 0.3290666666666667