3 0.38035555555555556 0.5637333333333333 0.050888888888888886 0.08364444444444445
6 0.3293333333333333 0.5643555555555556 0.044844444444444444 0.07751111111111111
20 0.17626666666666665 0.5655555555555556 0.056355555555555555 0.08373333333333333
10 0.22933333333333333 0.5678666666666666 0.04648888888888889 0.07986666666666666
1 0.6187111111111111 0.6284 0.08702222222222221 0.14951111111111112
9 0.7041777777777778 0.63 0.078 0.1370222222222222
0 0.7885777777777778 0.6315111111111111 0.0776 0.13844444444444443
0 0.8747111111111111 0.6322222222222222 0.07804444444444444 0.13693333333333332
22 0.28342222222222224 0.6836888888888889 0.05511111111111111 0.08422222222222221
6 0.3312 0.3108 0.04404444444444444 0.08182222222222223
3 0.3829777777777778 0.31328888888888884 0.05177777777777778 0.08462222222222222
20 0.17706666666666668 0.31377777777777777 0.057022222222222224 0.08853333333333334
10 0.2292888888888889 0.314 0.04844444444444444 0.08413333333333334
9 0.7051555555555555 0.3774666666666667 0.07795555555555556 0.13764444444444443
0 0.8755111111111111 0.3775111111111111 0.07791111111111111 0.13862222222222223
0 0.7894222222222222 0.37764444444444445 0.08 0.14271111111111112
1 0.619688888888889 0.3779555555555556 0.08902222222222222 0.14808888888888888
22 0.28475555555555554 0.43191111111111113 0.05315555555555556 0.08626666666666667