2 0.6986267605633802 0.5830337078651685 0.08890845070422536 0.21825842696629214
10 0.36683098591549296 0.5833707865168539 0.08545774647887323 0.2456179775280899
3 0.7939788732394366 0.583876404494382 0.09211267605633802 0.23292134831460676
1 0.5938732394366197 0.5841011235955056 0.09137323943661972 0.22741573033707863
27 0.45873239436619717 0.5847191011235955 0.08809859154929578 0.22106741573033709
4 0.8931338028169015 0.5852247191011236 0.08697183098591549 0.24269662921348317
11 0.17911971830985915 0.5856741573033708 0.1025 0.243876404494382
5 0.35919014084507045 0.8673033707865169 0.07299295774647888 0.1497752808988764
8 0.5882042253521127 0.8682022471910112 0.06246478873239436 0.1545505617977528
7 0.5108098591549296 0.8685955056179776 0.06936619718309858 0.1552247191011236
6 0.4341197183098592 0.8687078651685393 0.06433098591549295 0.14724719101123596
4 0.2807746478873239 0.8688202247191011 0.06838028169014085 0.14741573033707864
9 0.6622535211267606 0.8689887640449439 0.060211267605633806 0.14853932584269663
3 0.2103169014084507 0.8692134831460674 0.06961267605633803 0.15134831460674159
2 0.1292605633802817 0.8694382022471909 0.06933098591549296 0.15185393258426966
13 0.74 0.8712921348314607 0.060563380281690136 0.15421348314606742
1 0.05816901408450704 0.8735393258426967 0.05700704225352113 0.15202247191011234
13 0.27492957746478874 0.1253370786516854 0.07278169014084508 0.15432584269662922
18 0.6437676056338029 0.1259550561797753 0.05778169014084507 0.1653932584269663
11 0.13327464788732396 0.12691011235955055 0.07359154929577465 0.15629213483146068
10 0.06158450704225352 0.12730337078651685 0.06605633802816901 0.15275280898876406
19 0.7131690140845071 0.12735955056179776 0.06211267605633803 0.15224719101123596
14 0.3558802816901408 0.12747191011235956 0.07109154929577466 0.155
12 0.20172535211267606 0.12786516853932586 0.06693661971830986 0.14308988764044944
20 0.7894014084507042 0.12808988764044943 0.06852112676056338 0.15337078651685393
22 0.9411267605633802 0.12831460674157302 0.07397887323943662 0.16179775280898878
17 0.5701056338028169 0.12842696629213482 0.07295774647887324 0.16101123595505618
21 0.8640492957746478 0.12876404494382024 0.07147887323943662 0.15382022471910112
16 0.49672535211267604 0.12932584269662922 0.06623239436619718 0.15230337078651685
15 0.4259859154929578 0.1298876404494382 0.0695774647887324 0.15786516853932586
23 0.062007042253521126 0.29904494382022473 0.07151408450704225 0.15213483146067414
24 0.1334154929577465 0.2996067415730337 0.06785211267605634 0.15337078651685393
30 0.566830985915493 0.2996629213483146 0.06813380281690141 0.15286516853932586
28 0.42355633802816905 0.2999438202247191 0.06563380281690141 0.14904494382022473
31 0.6412323943661973 0.3008988764044944 0.06172535211267606 0.1551685393258427
27 0.35556338028169016 0.30168539325842697 0.06454225352112676 0.14904494382022473
33 0.7915845070422536 0.3018539325842696 0.06809859154929578 0.16123595505617977
26 0.2794014084507042 0.30219101123595504 0.0653169014084507 0.15376404494382023
25 0.20334507042253522 0.3022471910112359 0.0630281690140845 0.15067415730337078
35 0.9368661971830986 0.3024719101123596 0.07014084507042254 0.16146067415730336
29 0.5017605633802817 0.3039887640449438 0.06186619718309859 0.1556179775280899
32 0.7166901408450704 0.3041573033707865 0.07038732394366197 0.16073033707865167
34 0.8612323943661971 0.3056179775280899 0.06556338028169015 0.1552808988764045