22 0.2972 0.4509333333333333 0.04293333333333334 0.054844444444444446
22 0.3356444444444444 0.4518666666666667 0.039511111111111115 0.05502222222222222
20 0.25653333333333334 0.5578666666666666 0.03875555555555556 0.05124444444444444
21 0.28804444444444444 0.5606222222222222 0.038533333333333336 0.05231111111111111
2 0.38622222222222224 0.561288888888889 0.03631111111111111 0.05315555555555556
0 0.35386666666666666 0.5630222222222222 0.03497777777777778 0.05248888888888889
7 0.5543555555555556 0.5925777777777779 0.06862222222222222 0.10977777777777778
0 0.7813777777777778 0.5928444444444444 0.07368888888888889 0.10902222222222223
0 0.7056444444444445 0.5933777777777778 0.07075555555555556 0.10822222222222223
0 0.6275555555555555 0.5936888888888889 0.07146666666666666 0.10804444444444444
22 0.29346666666666665 0.6300888888888889 0.039155555555555555 0.055155555555555555
22 0.3357333333333334 0.6302222222222222 0.04031111111111111 0.0564
20 0.2558666666666667 0.38075555555555557 0.04257777777777778 0.05084444444444444
21 0.29013333333333335 0.38182222222222223 0.04008888888888889 0.051333333333333335
0 0.3516 0.38368888888888886 0.03813333333333333 0.052222222222222225
2 0.38764444444444446 0.3843111111111111 0.037511111111111106 0.05248888888888889
7 0.5537333333333333 0.4199555555555555 0.06671111111111111 0.10991111111111111
0 0.7812444444444444 0.42119999999999996 0.0748888888888889 0.1068
0 0.7056 0.42146666666666666 0.07057777777777778 0.10786666666666667
0 0.6272444444444444 0.42217777777777776 0.07062222222222223 0.10777777777777778