20 0.2382 0.124 0.09820000000000001 0.159
22 0.44079999999999997 0.126 0.0978 0.1592
23 0.5382 0.1264 0.10289999999999999 0.15990000000000001
18 0.048499999999999995 0.1281 0.0784 0.1617
19 0.136 0.13019999999999998 0.09119999999999999 0.15289999999999998
21 0.3343 0.1319 0.10490000000000001 0.1602
24 0.6396000000000001 0.1334 0.0971 0.1604
39 0.6396999999999999 0.3109 0.1001 0.15259999999999999
33 0.10210000000000001 0.31379999999999997 0.0877 0.1686
34 0.20800000000000002 0.3141 0.092 0.1539
32 0.021400000000000002 0.31420000000000003 0.042800000000000005 0.1574
38 0.5297999999999999 0.3143 0.0968 0.1469
35 0.31329999999999997 0.316 0.1008 0.1586
36 0.42219999999999996 0.3176 0.09390000000000001 0.1457
1 0.5845 0.5871 0.1375 0.2463
3 0.4389 0.5898 0.1377 0.2437
0 0.2959 0.5917 0.1283 0.22519999999999998
9 0.1497 0.5925 0.1408 0.2234
21 0.0334 0.5937 0.0667 0.213
8 0.0333 0.8672 0.0666 0.15289999999999998
9 0.1159 0.8684000000000001 0.098 0.1552
13 0.5443 0.8713 0.1042 0.1116