8 0.4178 0.2865 0.0506 0.0897
10 0.06 0.2892 0.049400000000000006 0.0863
16 0.2353 0.2896 0.0537 0.0897
1 0.3641 0.2898 0.050199999999999995 0.08839999999999999
13 0.1219 0.2901 0.0527 0.08900000000000001
28 0.018600000000000002 0.2919 0.0351 0.08259999999999999
4 0.9204000000000001 0.2927 0.0512 0.0741
14 0.7915000000000001 0.2929 0.0492 0.0788
8 0.9715 0.29309999999999997 0.044800000000000006 0.07519999999999999
14 0.6811 0.2932 0.051500000000000004 0.08130000000000001
14 0.8486 0.294 0.0493 0.08130000000000001
17 0.2925 0.29469999999999996 0.051500000000000004 0.0885
17 0.6293 0.29710000000000003 0.048 0.083
14 0.6757 0.4974 0.046900000000000004 0.0915
17 0.8785 0.4989 0.0501 0.09119999999999999
38 0.0736 0.4991 0.0565 0.08109999999999999
16 0.022099999999999998 0.4993 0.0443 0.0855
0 0.3153 0.4993 0.049699999999999994 0.0876
7 0.2553 0.49950000000000006 0.051 0.08779999999999999
1 0.9416 0.5004 0.0467 0.0902
9 0.3704 0.5006 0.0483 0.08529999999999999
32 0.6279 0.5012 0.048 0.0931
17 0.8286 0.5012 0.046900000000000004 0.0828
28 0.7306 0.5025 0.0506 0.09269999999999999
32 0.18899999999999997 0.5029 0.053399999999999996 0.0902
9 0.41979999999999995 0.5038 0.0466 0.0897
0 0.9845999999999999 0.5054 0.030899999999999997 0.081
1 0.373 0.7041 0.047400000000000005 0.0867
18 0.07400000000000001 0.7056999999999999 0.0467 0.0882
25 0.0226 0.7064 0.0453 0.0875
1 0.3206 0.7069 0.0466 0.0842
9 0.4214 0.7076 0.0472 0.0863
22 0.2458 0.7077 0.06 0.0901
11 0.9028 0.7082999999999999 0.0512 0.0883
22 0.1884 0.7088 0.0581 0.0916
6 0.9693 0.7099 0.053 0.083
17 0.8440000000000001 0.7111 0.0587 0.0855
25 0.6827 0.7123 0.0516 0.0932
21 0.7415 0.7152 0.05 0.08689999999999999
19 0.2384 0.0861 0.0588 0.0821
4 0.4158 0.0867 0.0452 0.0803
2 0.3161 0.0882 0.0509 0.0793
7 0.3653 0.0882 0.0451 0.0767
27 0.0644 0.08839999999999999 0.0462 0.0836
8 0.8991 0.08929999999999999 0.0417 0.0832
13 0.7824 0.0895 0.0471 0.0862
32 0.1225 0.0907 0.0495 0.085
15 0.0168 0.0911 0.0335 0.0851
0 0.9447 0.0915 0.0414 0.08439999999999999
28 0.6690999999999999 0.0919 0.0483 0.08800000000000001
14 0.6233 0.09390000000000001 0.04650000000000001 0.0908
22 0.83 0.09480000000000001 0.0516 0.0929
1 0.9834 0.0949 0.0333 0.0872