4 0.18443148688046646 0.7310884353741497 0.03379008746355685 0.12680272108843538
9 0.3624198250728863 0.7316326530612245 0.03612244897959184 0.1260544217687075
0 0.043994169096209915 0.7316326530612245 0.035918367346938776 0.12476190476190475
13 0.5178134110787173 0.7317006802721089 0.040029154518950436 0.11047619047619046
6 0.2548979591836735 0.731904761904762 0.03411078717201166 0.12904761904761905
8 0.3264723032069971 0.7320408163265306 0.03685131195335277 0.12836734693877552
7 0.29081632653061223 0.7320408163265306 0.035189504373177846 0.1291156462585034
1 0.07912536443148688 0.7322448979591837 0.03486880466472304 0.12224489795918367
5 0.22064139941690963 0.7325170068027211 0.03521865889212828 0.13068027210884353
2 0.11314868804664724 0.7327891156462585 0.035481049562682214 0.12190476190476192
3 0.14988338192419823 0.7331292517006802 0.03454810495626822 0.12469387755102039
17 0.30067055393586006 0.10768707482993198 0.04032069970845481 0.12238095238095237
20 0.4042274052478134 0.1082312925170068 0.03734693877551021 0.1254421768707483
22 0.47836734693877553 0.1083673469387755 0.03685131195335277 0.13346938775510206
21 0.4414577259475218 0.10850340136054422 0.035481049562682214 0.12816326530612246
14 0.18842565597667638 0.10857142857142858 0.040291545189504376 0.12333333333333332
19 0.3674927113702624 0.10884353741496598 0.03664723032069971 0.12612244897959182
16 0.2635860058309038 0.10884353741496598 0.041690962099125366 0.12585034013605442
18 0.336734693877551 0.1089795918367347 0.03256559766763848 0.12598639455782312
13 0.1524198250728863 0.1089795918367347 0.03571428571428571 0.12414965986394558
24 0.5528279883381925 0.1091156462585034 0.04064139941690962 0.12959183673469388
23 0.5135568513119534 0.10931972789115646 0.03874635568513119 0.13238095238095238
12 0.11606413994169097 0.10931972789115646 0.03737609329446064 0.12176870748299319
15 0.2245189504373178 0.10931972789115646 0.037551020408163265 0.12727891156462587
10 0.04510204081632653 0.10979591836734694 0.03766763848396502 0.11537414965986395
11 0.07938775510204081 0.11027210884353741 0.03965014577259475 0.12442176870748299
36 0.47227405247813414 0.2593877551020408 0.04463556851311953 0.1295238095238095
38 0.5149562682215744 0.2597278911564626 0.040670553935860054 0.13299319727891157
34 0.3959475218658892 0.26 0.04072886297376094 0.12829931972789116
28 0.1627405247813411 0.2602040816326531 0.04311953352769679 0.12238095238095237
29 0.19932944606413996 0.2602721088435374 0.03842565597667638 0.12551020408163266
35 0.43451895043731775 0.2603401360544218 0.04565597667638484 0.13163265306122449
30 0.23760932944606414 0.2606122448979592 0.04446064139941691 0.12170068027210884
27 0.12259475218658891 0.26074829931972787 0.04075801749271137 0.12129251700680271
39 0.5547230320699709 0.26095238095238094 0.04174927113702624 0.12857142857142856
26 0.08236151603498543 0.261156462585034 0.03819241982507288 0.12537414965986393
31 0.27650145772594753 0.26122448979591834 0.03848396501457726 0.12408163265306121
32 0.3178425655976676 0.26170068027210885 0.04142857142857143 0.12517006802721087
33 0.3564139941690962 0.2627891156462585 0.03956268221574344 0.12551020408163266
25 0.04408163265306122 0.2634013605442177 0.03932944606413994 0.1238095238095238
27 0.10291545189504372 0.48918367346938774 0.06075801749271137 0.1842176870748299
10 0.16052478134110787 0.4893877551020408 0.04860058309037901 0.17496598639455782
0 0.42463556851311957 0.4897959183673469 0.055364431486880465 0.192312925170068
3 0.47941690962099126 0.49102040816326536 0.05903790087463557 0.1919047619047619
20 0.2546064139941691 0.49108843537414965 0.06093294460641399 0.18544217687074832
21 0.313469387755102 0.4927210884353742 0.06096209912536443 0.1846938775510204
1 0.5268513119533528 0.4928571428571429 0.052390670553935856 0.2008843537414966
9 0.37189504373177845 0.49292517006802716 0.05516034985422741 0.18285714285714286