4 0.6430222222222223 0.4524 0.03835555555555556 0.07195555555555556
5 0.22164444444444442 0.46124444444444446 0.045955555555555555 0.06871111111111111
2 0.6083999999999999 0.46151111111111115 0.03964444444444445 0.07115555555555557
1 0.9876 0.4628 0.02475555555555556 0.06568888888888888
2 0.9562666666666666 0.4715111111111111 0.04902222222222222 0.06568888888888888
2 0.18426666666666666 0.4719111111111111 0.03897777777777778 0.06733333333333333
5 0.5652 0.47355555555555556 0.0436 0.0716
15 0.5172444444444444 0.48115555555555556 0.04017777777777777 0.07804444444444444
16 0.9064888888888889 0.48262222222222223 0.05577777777777778 0.06666666666666667
5 0.14164444444444446 0.4831111111111111 0.04577777777777778 0.07226666666666667
1 0.10657777777777779 0.48995555555555553 0.044622222222222216 0.07177777777777777
22 0.057777777777777775 0.5053333333333333 0.05302222222222222 0.06955555555555555
22 0.823911111111111 0.5053333333333333 0.06062222222222222 0.06764444444444445
23 0.4368444444444445 0.5080888888888888 0.04951111111111112 0.06111111111111111
18 0.3997777777777778 0.5159555555555556 0.04524444444444444 0.06568888888888888
24 0.6707555555555555 0.5468444444444445 0.04808888888888889 0.06377777777777778
1 0.6350222222222222 0.5594222222222223 0.04426666666666667 0.07151111111111111
1 0.5964 0.5695555555555556 0.04231111111111111 0.06857777777777778
9 0.208 0.57 0.04008888888888889 0.06280000000000001
9 0.9793777777777778 0.5723111111111111 0.036399999999999995 0.07084444444444445
6 0.17297777777777779 0.5786666666666667 0.0472 0.06297777777777777
29 0.5447111111111111 0.5796888888888889 0.047155555555555555 0.06568888888888888
30 0.9361333333333333 0.5809777777777778 0.05342222222222222 0.06471111111111111
24 0.1255111111111111 0.5896888888888889 0.04346666666666666 0.06471111111111111
20 0.8523111111111111 0.604 0.05195555555555555 0.07226666666666667
13 0.46813333333333335 0.6045333333333334 0.05146666666666667 0.06391111111111111
28 0.04328888888888889 0.6120888888888889 0.04337777777777778 0.06088888888888889
13 0.42591111111111113 0.6145777777777778 0.04853333333333333 0.06337777777777778
8 0.5410222222222223 0.06377777777777778 0.03848888888888889 0.06911111111111111
9 0.6990222222222222 0.6462222222222223 0.043333333333333335 0.0644
5 0.6621333333333332 0.6542222222222221 0.045422222222222225 0.06982222222222223
2 0.27542222222222223 0.6553777777777778 0.047733333333333336 0.06595555555555556
6 0.6269777777777777 0.6644888888888888 0.04337777777777778 0.06964444444444444
0 0.23453333333333334 0.6647111111111111 0.04537777777777778 0.06524444444444444
6 0.6304 0.6654666666666667 0.03848888888888889 0.06817777777777778
10 0.5818666666666666 0.6764444444444444 0.042800000000000005 0.0723111111111111
2 0.15942222222222222 0.6844444444444444 0.04648888888888889 0.06533333333333333
11 0.8944888888888889 0.6996 0.04368888888888889 0.06631111111111111
16 0.11195555555555556 0.7014666666666667 0.049244444444444445 0.07715555555555555
11 0.48902222222222225 0.7023111111111111 0.051333333333333335 0.06595555555555556
24 0.8535111111111111 0.7071111111111111 0.04422222222222222 0.06435555555555555
9 0.5029333333333333 0.07311111111111111 0.03626666666666667 0.068
17 0.44924444444444445 0.7125777777777779 0.05382222222222222 0.06653333333333333
6 0.7462666666666666 0.736311111111111 0.042444444444444444 0.0652
7 0.7023999999999999 0.7465777777777778 0.03888888888888889 0.06555555555555556
2 0.29786666666666667 0.7526666666666666 0.05204444444444445 0.07151111111111111
8 0.6707111111111111 0.7551555555555556 0.040888888888888884 0.06631111111111111
0 0.25826666666666664 0.7604 0.04622222222222223 0.06764444444444445
27 0.6237333333333334 0.7675111111111111 0.04537777777777778 0.06528888888888888
9 0.22257777777777776 0.7770666666666667 0.03671111111111111 0.06746666666666666
9 0.18586666666666668 0.7841333333333333 0.04226666666666667 0.07537777777777778
30 0.13795555555555555 0.7937333333333334 0.054933333333333334 0.06857777777777778
10 0.5016444444444444 0.8030666666666667 0.045644444444444446 0.06666666666666667
20 0.45435555555555557 0.8111111111111111 0.052 0.07053333333333334
8 0.7469333333333333 0.8393777777777779 0.03822222222222222 0.06586666666666667
3 0.3450222222222222 0.8427555555555556 0.0472 0.06342222222222223
8 0.46893333333333337 0.08817777777777777 0.039155555555555555 0.06875555555555556
5 0.7121777777777778 0.8496888888888889 0.03715555555555555 0.059911111111111116
0 0.3074666666666667 0.8524444444444444 0.042977777777777774 0.06497777777777777
4 0.6744444444444444 0.8600444444444444 0.037733333333333334 0.06382222222222222
4 0.27386666666666665 0.8611111111111112 0.037955555555555555 0.06617777777777778
9 0.6383111111111112 0.8707111111111111 0.03715555555555555 0.07262222222222223
16 0.22493333333333332 0.8758666666666667 0.049155555555555557 0.06280000000000001
10 0.5951111111111111 0.8795555555555555 0.041822222222222226 0.07306666666666667
22 0.1804888888888889 0.8811555555555555 0.05302222222222222 0.059911111111111116
13 0.5069333333333333 0.903511111111111 0.056 0.066
6 0.43626666666666664 0.09613333333333333 0.03577777777777778 0.06688888888888889
9 0.3485777777777778 0.9473333333333334 0.03946666666666667 0.0744
7 0.3075111111111111 0.9512 0.042355555555555556 0.05893333333333333
30 0.3843111111111111 0.10533333333333333 0.045422222222222225 0.07622222222222222
11 0.7394666666666666 0.11462222222222222 0.044177777777777774 0.07715555555555555
10 0.7043111111111111 0.12826666666666667 0.03991111111111111 0.07182222222222222
11 0.30013333333333336 0.13106666666666666 0.04702222222222222 0.07035555555555556
9 0.5692444444444446 0.16062222222222222 0.04053333333333333 0.06533333333333333
7 0.5279555555555556 0.17600000000000002 0.04137777777777778 0.07031111111111112
4 0.49546666666666667 0.1804 0.03782222222222222 0.06666666666666667
34 0.8683555555555555 0.18404444444444443 0.05288888888888889 0.05893333333333333
15 0.4418222222222222 0.19324444444444444 0.048133333333333334 0.06955555555555555
12 0.7874222222222221 0.2061777777777778 0.04817777777777778 0.0648
30 0.36693333333333333 0.21662222222222224 0.05031111111111111 0.06333333333333334
10 0.7501777777777777 0.21706666666666669 0.038933333333333334 0.06795555555555555
13 0.32466666666666666 0.2255111111111111 0.04635555555555555 0.0692
3 0.5951111111111111 0.25782222222222223 0.046933333333333334 0.06546666666666667
2 0.19497777777777778 0.2624444444444444 0.04795555555555555 0.07355555555555555
5 0.9393333333333334 0.2690666666666667 0.04226666666666667 0.06088888888888889
0 0.5586222222222222 0.26982222222222224 0.03813333333333333 0.06533333333333333
2 0.15244444444444444 0.27244444444444443 0.045288888888888885 0.06377777777777778
1 0.9026222222222222 0.2772888888888889 0.044177777777777774 0.06377777777777778
3 0.11382222222222221 0.28115555555555555 0.04337777777777778 0.06764444444444445
3 0.5176444444444445 0.2816 0.04373333333333333 0.06928888888888889
22 0.8533777777777778 0.2893777777777778 0.055822222222222224 0.06666666666666667
30 0.06742222222222222 0.2927555555555556 0.049155555555555557 0.06377777777777778
5 0.48204444444444444 0.2934222222222222 0.04239999999999999 0.07035555555555556
11 0.43022222222222223 0.30035555555555554 0.048400000000000006 0.06368888888888889
28 0.7693333333333333 0.31208888888888886 0.05195555555555555 0.06764444444444445
17 0.3429333333333333 0.32759999999999995 0.055822222222222224 0.0788
7 0.6345333333333334 0.3483111111111111 0.04328888888888889 0.06280000000000001
1 0.6016888888888888 0.3589333333333334 0.04906666666666666 0.06666666666666667
6 0.19835555555555556 0.3642666666666666 0.038533333333333336 0.06377777777777778
5 0.5627111111111112 0.3677333333333333 0.04284444444444445 0.0632888888888889
6 0.9707111111111111 0.3692888888888889 0.04111111111111111 0.07106666666666667
5 0.15582222222222222 0.3734222222222222 0.046266666666666664 0.06475555555555555
24 0.9219555555555555 0.37777777777777777 0.04613333333333334 0.06182222222222222
4 0.12155555555555556 0.3801777777777778 0.04142222222222222 0.07053333333333334
15 0.514311111111111 0.3839111111111111 0.04902222222222222 0.06764444444444445
20 0.4712888888888889 0.3922666666666667 0.05488888888888889 0.06568888888888888
34 0.06986666666666667 0.39613333333333334 0.04435555555555556 0.06764444444444445
28 0.8423555555555555 0.402 0.04066666666666667 0.06991111111111112
22 0.7983111111111111 0.4084888888888889 0.050355555555555556 0.0656
24 0.39395555555555556 0.4175111111111111 0.04657777777777778 0.06137777777777778
13 0.3552888888888889 0.42564444444444444 0.05271111111111111 0.06044444444444444