20 0.13835555555555556 0.6244888888888889 0.08302222222222222 0.12653333333333333
3 0.32488888888888884 0.6251555555555556 0.07768888888888889 0.12431111111111111
21 0.22368888888888888 0.6257333333333333 0.07902222222222223 0.12635555555555555
4 0.6446666666666667 0.6260888888888889 0.07764444444444443 0.12506666666666666
0 0.7268444444444444 0.6265333333333333 0.07297777777777778 0.12382222222222222
0 0.8012444444444444 0.6268444444444444 0.07115555555555557 0.12266666666666667
0 0.8793333333333333 0.6272444444444444 0.07124444444444444 0.12031111111111112
1 0.40217777777777775 0.6280444444444444 0.0755111111111111 0.12817777777777778
11 0.5156000000000001 0.6302222222222222 0.07764444444444443 0.1255111111111111
21 0.21506666666666666 0.31866666666666665 0.08337777777777779 0.13893333333333335
3 0.3177333333333333 0.3204 0.07973333333333334 0.12991111111111112
0 0.7980444444444444 0.3224444444444444 0.0723111111111111 0.12164444444444444
0 0.8785333333333333 0.3229777777777778 0.07173333333333333 0.12226666666666668
20 0.1328 0.3234222222222222 0.08537777777777777 0.1340888888888889
4 0.6411111111111111 0.3237333333333334 0.07675555555555555 0.1288
1 0.3957777777777778 0.3237777777777778 0.07684444444444444 0.13142222222222222
0 0.7194666666666667 0.3239111111111111 0.0736 0.12324444444444445
11 0.5046666666666667 0.32488888888888884 0.07853333333333334 0.12635555555555555