31 0.8017777777777778 0.6783555555555555 0.09102222222222223 0.12546666666666667
31 0.2950222222222222 0.6788888888888889 0.09191111111111111 0.12275555555555556
10 0.20773333333333335 0.6793333333333333 0.08844444444444444 0.12155555555555556
22 0.7020888888888889 0.6805333333333333 0.104 0.12506666666666666
0 0.568 0.6815555555555556 0.07315555555555556 0.12084444444444445
5 0.4087111111111111 0.6820888888888889 0.07675555555555555 0.1292888888888889
8 0.492 0.6829333333333333 0.07422222222222222 0.12115555555555556
2 0.7079555555555556 0.31275555555555556 0.08008888888888889 0.1252888888888889
0 0.87 0.31462222222222225 0.07640000000000001 0.12257777777777777
31 0.4920444444444444 0.3165777777777778 0.09026666666666666 0.13066666666666665
7 0.7853333333333333 0.3174222222222222 0.07617777777777777 0.12279999999999999
13 0.31831111111111116 0.3175555555555556 0.09097777777777777 0.12751111111111113
11 0.21324444444444443 0.31808888888888887 0.09466666666666668 0.13755555555555554
10 0.5906666666666667 0.3204888888888889 0.10382222222222222 0.1272888888888889