24 0.0345 0.10859999999999999 0.0581 0.0894
11 0.0971 0.1091 0.0555 0.0872
31 0.3608 0.11199999999999999 0.0652 0.0934
3 0.2214 0.1127 0.058899999999999994 0.0953
8 0.8806999999999999 0.1131 0.051699999999999996 0.0892
3 0.8220999999999999 0.1137 0.058499999999999996 0.0891
7 0.2818 0.1139 0.0519 0.0966
11 0.706 0.11460000000000001 0.0558 0.09720000000000001
32 0.5805 0.1153 0.0541 0.09369999999999999
31 0.9588 0.1153 0.0674 0.0929
24 0.6408 0.1157 0.0556 0.0892
8 0.9738 0.31 0.0482 0.0911
1 0.9135 0.31129999999999997 0.053099999999999994 0.09140000000000001
5 0.8571 0.313 0.0639 0.091
23 0.0654 0.31420000000000003 0.0603 0.09609999999999999
29 0.7876000000000001 0.3145 0.0553 0.09630000000000001
18 0.0174 0.3152 0.0298 0.1
30 0.2482 0.3154 0.0611 0.0967
7 0.31920000000000004 0.3159 0.0509 0.0934
3 0.44420000000000004 0.3161 0.0536 0.0951
13 0.7211 0.3164 0.0588 0.0932
10 0.1844 0.3173 0.0518 0.09119999999999999
5 0.3839 0.3178 0.057699999999999994 0.09230000000000001
22 0.6014 0.3186 0.0621 0.09369999999999999
8 0.9773000000000001 0.5025999999999999 0.0451 0.0908
5 0.8659 0.5064 0.0571 0.095
1 0.919 0.5071 0.0521 0.09480000000000001
29 0.7886 0.5075 0.057800000000000004 0.0909
5 0.38270000000000004 0.5075999999999999 0.0594 0.09210000000000002
4 0.44310000000000005 0.5086999999999999 0.0552 0.0852
23 0.0673 0.5088 0.06559999999999999 0.08869999999999999
30 0.2544 0.509 0.0594 0.09359999999999999
7 0.3248 0.5093 0.0493 0.0908
13 0.7271 0.5093 0.051399999999999994 0.0877
10 0.18899999999999997 0.5097999999999999 0.052000000000000005 0.08789999999999999
22 0.6059 0.5105 0.0608 0.08960000000000001
18 0.0202 0.5123 0.0369 0.09050000000000001
0 0.9213 0.6998000000000001 0.0541 0.09119999999999999
2 0.8684000000000001 0.7012999999999999 0.0559 0.0913
5 0.4043 0.7016 0.049100000000000005 0.0873
11 0.794 0.7018000000000001 0.0508 0.08900000000000001
9 0.9790000000000001 0.7020000000000001 0.04190000000000001 0.0891
32 0.0192 0.7025 0.0384 0.0866
1 0.3533 0.7025 0.0453 0.0894
28 0.6113000000000001 0.7026 0.0582 0.09119999999999999
22 0.7362000000000001 0.7027 0.055099999999999996 0.0851
1 0.4498 0.7031999999999999 0.0458 0.0885
31 0.2304 0.7038 0.046900000000000004 0.0932
27 0.2862 0.7039 0.0516 0.09609999999999999
11 0.11789999999999999 0.7048000000000001 0.0508 0.09210000000000002
24 0.0646 0.7051000000000001 0.052000000000000005 0.0886
0 0.9227 0.8912 0.0579 0.0897
2 0.8668 0.8914 0.0553 0.08869999999999999
2 0.4482 0.892 0.048799999999999996 0.0897
22 0.7371 0.892 0.0564 0.08650000000000001
11 0.7967 0.8922 0.052000000000000005 0.0892
28 0.6154999999999999 0.8924 0.0592 0.0917
9 0.978 0.8931 0.0441 0.0922
5 0.4011 0.8933 0.0481 0.09210000000000002
1 0.3508 0.8937999999999999 0.0449 0.0924
31 0.22690000000000002 0.894 0.051699999999999996 0.09449999999999999
11 0.11460000000000001 0.8942 0.050499999999999996 0.0941
27 0.2827 0.8952 0.0516 0.1005
32 0.020099999999999996 0.8959 0.035699999999999996 0.0926
24 0.0594 0.8965000000000001 0.0507 0.0935