11 0.4744401544401544 0.5388144329896907 0.08316602316602316 0.056391752577319584
2 0.2406177606177606 0.5621649484536082 0.06254826254826254 0.08170103092783505
24 0.446023166023166 0.5743298969072165 0.0727027027027027 0.05154639175257732
34 0.15942084942084941 0.586340206185567 0.05637065637065637 0.09278350515463918
20 0.10405405405405405 0.6063402061855669 0.06861003861003862 0.08484536082474227
8 0.7791119691119691 0.6068041237113402 0.06640926640926641 0.08649484536082475
32 0.4092664092664093 0.6146907216494846 0.09528957528957528 0.06809278350515464
24 0.17104247104247103 0.06273195876288659 0.05455598455598456 0.03793814432989691
28 0.01471042471042471 0.6462886597938144 0.029382239382239383 0.09237113402061857
17 0.6201158301158302 0.6667010309278351 0.06250965250965251 0.10211340206185567
24 0.08362934362934363 0.06855670103092784 0.041467181467181466 0.07876288659793815
27 0.3437065637065637 0.07051546391752578 0.04725868725868726 0.08463917525773197
16 0.6791505791505792 0.6856701030927835 0.059575289575289576 0.09144329896907216
3 0.7717374517374517 0.7139690721649484 0.0740926640926641 0.09695876288659794
2 0.8336293436293436 0.7354123711340206 0.06424710424710425 0.093659793814433
1 0.8967181467181468 0.7513917525773196 0.06571428571428571 0.09891752577319589
5 0.6051351351351351 0.7539690721649485 0.07007722007722007 0.1052577319587629
6 0.5450965250965252 0.7547938144329898 0.06521235521235522 0.10747422680412372
7 0.47312741312741313 0.7564948453608247 0.06548262548262548 0.1093298969072165
34 0.3896138996138996 0.7609793814432989 0.06706563706563706 0.11536082474226804
25 0.3193050193050193 0.7625257731958763 0.0654054054054054 0.11061855670103093
17 0.1881081081081081 0.7686597938144331 0.07436293436293437 0.11134020618556702
17 0.1111969111969112 0.7734536082474227 0.07498069498069498 0.11701030927835052
29 0.38594594594594595 0.08365979381443299 0.0355984555984556 0.08170103092783505
25 0.2071042471042471 0.12304123711340206 0.05965250965250965 0.0418041237113402
15 0.7263706563706563 0.12963917525773194 0.04602316602316602 0.07319587628865978
22 0.8140926640926641 0.14051546391752578 0.04343629343629344 0.0788659793814433
29 0.8558687258687259 0.1411340206185567 0.04505791505791506 0.0818041237113402
5 0.9186486486486487 0.14221649484536084 0.04679536679536679 0.08175257731958763
3 0.9627027027027028 0.14469072164948454 0.040579150579150576 0.08221649484536082
4 0.1251737451737452 0.1497938144329897 0.03416988416988417 0.07
17 0.4487644787644788 0.15077319587628865 0.04505791505791506 0.08175257731958763
29 0.531969111969112 0.15201030927835052 0.03945945945945946 0.08128865979381443
28 0.4907722007722008 0.15237113402061855 0.04231660231660232 0.08257731958762886
14 0.22714285714285715 0.16582474226804125 0.06328185328185329 0.05154639175257732
5 0.06702702702702702 0.1661855670103093 0.04733590733590733 0.07231958762886598
27 0.024633204633204633 0.17505154639175258 0.0444015444015444 0.08170103092783505
13 0.15030888030888032 0.024329896907216493 0.06111969111969112 0.04082474226804124
4 0.25664092664092664 0.21783505154639174 0.05382239382239382 0.04082474226804124
22 0.6811196911196911 0.22494845360824742 0.04996138996138996 0.08365979381443299
32 0.7738223938223938 0.2338144329896907 0.042239382239382235 0.09000000000000001
11 0.8170270270270271 0.24025773195876288 0.0483011583011583 0.08886597938144329
17 0.5867181467181467 0.2404639175257732 0.04555984555984556 0.0827319587628866
1 0.5471814671814672 0.24345360824742265 0.03714285714285714 0.08128865979381443
7 0.5067567567567568 0.24561855670103092 0.041081081081081085 0.08396907216494845
35 0.1419305019305019 0.2457216494845361 0.05397683397683398 0.08499999999999999
16 0.4427027027027027 0.24623711340206186 0.042432432432432436 0.07979381443298969
35 0.40108108108108104 0.24680412371134022 0.04370656370656371 0.08190721649484536
1 0.8691505791505792 0.25 0.04606177606177606 0.08886597938144329
3 0.27667953667953665 0.25092783505154637 0.06347490347490348 0.046701030927835056
7 0.9165250965250965 0.2514432989690722 0.04521235521235521 0.08742268041237114
11 0.09586872586872586 0.25597938144329896 0.0494980694980695 0.08412371134020619
14 0.9738223938223938 0.256701030927835 0.04803088803088803 0.09695876288659794
15 0.24355212355212355 0.02675257731958763 0.04671814671814672 0.05350515463917526
9 0.295984555984556 0.28788659793814436 0.06127413127413127 0.03891752577319588
21 0.7577992277992278 0.348659793814433 0.04644787644787644 0.039896907216494845
32 0.03594594594594595 0.3525773195876289 0.05675675675675675 0.06515463917525774
5 0.8195752895752896 0.35469072164948456 0.05131274131274131 0.03793814432989691
9 0.9155212355212355 0.35546391752577317 0.04277992277992278 0.043762886597938144
0 0.8671814671814672 0.35618556701030923 0.044826254826254824 0.03860824742268042
24 0.07235521235521235 0.35938144329896904 0.046563706563706564 0.059329896907216496
1 0.9664864864864865 0.35938144329896904 0.045675675675675674 0.043762886597938144
27 0.2777606177606178 0.04036082474226804 0.04652509652509653 0.08072164948453608
11 0.1135135135135135 0.36422680412371133 0.056023166023166024 0.059329896907216496
14 0.6033976833976834 0.3797938144329897 0.07590733590733591 0.04768041237113402
18 0.25629343629343626 0.38077319587628866 0.037065637065637064 0.04958762886597938
23 0.3021621621621622 0.38561855670103096 0.05308880308880309 0.043762886597938144
10 0.3985714285714286 0.3951546391752577 0.04347490347490347 0.04371134020618557
1 0.4835521235521235 0.4041237113402062 0.04138996138996139 0.04768041237113402
1 0.5851737451737452 0.4109278350515464 0.07007722007722007 0.0418041237113402
24 0.8517760617760618 0.4109278350515464 0.06722007722007722 0.0418041237113402
27 0.8262934362934362 0.43278350515463915 0.07884169884169885 0.04474226804123711
6 0.03918918918918919 0.436701030927835 0.0545945945945946 0.06030927835051546
2 0.558957528957529 0.437680412371134 0.07590733590733591 0.050567010309278355
17 0.7967953667953668 0.4522680412371134 0.08104247104247103 0.050567010309278355
31 0.527992277992278 0.4658762886597938 0.0737065637065637 0.046701030927835056
17 0.4415830115830116 0.4708247422680413 0.057799227799227804 0.05134020618556701
7 0.3894594594594595 0.47231958762886594 0.04602316602316602 0.055051546391752575
7 0.33308880308880306 0.4774742268041237 0.04911196911196911 0.059175257731958766
35 0.26204633204633204 0.4811340206185567 0.05393822393822394 0.055
14 0.20343629343629344 0.4850515463917526 0.0555984555984556 0.056134020618556706
10 0.08 0.49355670103092786 0.05019305019305019 0.055412371134020616
2 0.8954440154440154 0.5134536082474227 0.054787644787644786 0.06809278350515464
1 0.9532818532818533 0.5154123711340206 0.05223938223938224 0.06798969072164948