7 0.7376499999999999 0.5662533333333333 0.004983333333333333 0.011897777777777778
0 0.7326466666666667 0.5664222222222223 0.004816666666666666 0.011786666666666666
4 0.72752 0.5668088888888888 0.004733333333333333 0.010786666666666667
9 0.7222233333333333 0.5672 0.0051533333333333336 0.011564444444444445
31 0.7155533333333333 0.5672533333333333 0.005486666666666667 0.01100888888888889
22 0.7096733333333334 0.5680355555555555 0.005906666666666666 0.011453333333333333
22 0.69821 0.5683111111111111 0.006323333333333333 0.011786666666666666
22 0.20121666666666665 0.5753155555555556 0.005913333333333333 0.012008888888888888
12 0.21097333333333332 0.5753733333333333 0.00541 0.010786666666666667
11 0.21585 0.57576 0.00566 0.010897777777777777
9 0.22256333333333336 0.5758177777777778 0.005073333333333333 0.01123111111111111
0 0.2280666666666667 0.5758711111111111 0.005573333333333333 0.010897777777777777
0 0.23323666666666668 0.5759822222222223 0.00524 0.010675555555555556
5 0.23824 0.5759822222222223 0.005573333333333333 0.010675555555555556