3 0.5241766666666666 0.6278533333333334 0.007013333333333333 0.01479111111111111
11 0.47461333333333333 0.6281555555555555 0.007833333333333333 0.016115555555555553
35 0.49116666666666664 0.6281555555555555 0.00756 0.015155555555555556
2 0.5164633333333334 0.6281555555555555 0.006923333333333333 0.01491111111111111
25 0.46663333333333334 0.6283955555555556 0.007743333333333334 0.015875555555555556
1 0.5014033333333333 0.6283955555555556 0.006926666666666667 0.01467111111111111
1 0.5088433333333333 0.6283955555555556 0.007016666666666667 0.015155555555555556
14 0.8256333333333333 0.6340266666666666 0.0061466666666666675 0.014453333333333335
5 0.8187533333333334 0.6345288888888889 0.006233333333333333 0.013675555555555555
5 0.8129166666666666 0.6349733333333334 0.005733333333333333 0.013897777777777778
5 0.8065366666666667 0.6354177777777777 0.00565 0.014342222222222223
34 0.7921933333333333 0.6360266666666666 0.006486666666666667 0.014453333333333335
21 0.7985300000000001 0.6360844444444445 0.0058200000000000005 0.01412
22 0.77885 0.6370844444444445 0.007823333333333333 0.015013333333333333
12 0.027463333333333333 0.40514222222222224 0.054926666666666665 0.1538