22 0.0230625 0.6117766666666666 0.00304 0.010320000000000001
22 0.0280125 0.6125666666666667 0.0036325 0.010320000000000001
31 0.0306125 0.6133266666666667 0.0030825 0.00925
9 0.0340175 0.6145966666666667 0.0030375000000000003 0.010206666666666668
4 0.03704 0.6152166666666667 0.0025724999999999997 0.009303333333333334
0 0.0396 0.61567 0.0032075 0.00987
7 0.0424125 0.61629 0.0029950000000000003 0.00987
14 0.79936 0.6732400000000001 0.00543 0.012953333333333332
5 0.79387 0.6742266666666666 0.005007500000000001 0.012669999999999999
5 0.7891174999999999 0.67493 0.004375 0.01408
5 0.7842625000000001 0.6760566666666666 0.0047975000000000005 0.01239
21 0.7774 0.6773233333333334 0.0054325 0.013233333333333335
34 0.7724375 0.6778866666666667 0.0052225 0.013796666666666667
22 0.7610325 0.6795766666666667 0.00649 0.014923333333333334
3 0.534865 0.6801400000000001 0.0060775 0.01436
1 0.5209275 0.68042 0.0065025000000000005 0.014923333333333334
2 0.5277925 0.68056 0.0058674999999999995 0.01408
35 0.5042475 0.6807033333333333 0.00735 0.014923333333333334
1 0.5136425 0.6808433333333334 0.0071375 0.014643333333333333
25 0.4817575 0.6809833333333334 0.006719999999999999 0.015486666666666668
11 0.48914749999999996 0.6811233333333333 0.0075650000000000005 0.01408