11 0.4704966666666667 0.6265200000000001 0.007243333333333333 0.01568
3 0.5205733333333333 0.6267422222222222 0.006816666666666666 0.014342222222222223
25 0.4625766666666667 0.6268533333333334 0.00741 0.016124444444444445
2 0.5129833333333333 0.6269111111111111 0.006816666666666666 0.015124444444444446
35 0.4872166666666667 0.6269644444444444 0.007823333333333333 0.015902222222222224
1 0.49701666666666666 0.6270755555555556 0.007403333333333334 0.015457777777777779
1 0.50502 0.6272977777777778 0.006736666666666667 0.015902222222222224
14 0.82327 0.63388 0.0056099999999999995 0.013875555555555556
5 0.81625 0.6346888888888889 0.005540000000000001 0.013973333333333334
5 0.8103333333333333 0.6351155555555555 0.005399999999999999 0.013497777777777779
5 0.8043433333333334 0.63564 0.005826666666666667 0.014351111111111111
21 0.7962533333333334 0.6360666666666667 0.005186666666666667 0.014066666666666667
34 0.78991 0.6364488888888888 0.006613333333333333 0.014635555555555556
22 0.7766166666666666 0.6368755555555555 0.007543333333333333 0.015111111111111112