7 0.7366666666666667 0.5737066666666666 0.005193333333333334 0.011711111111111111
9 0.7211766666666667 0.5741022222222222 0.005316666666666667 0.012186666666666667
0 0.7315633333333333 0.5741022222222222 0.005193333333333334 0.011871111111111112
4 0.72616 0.5741777777777778 0.005313333333333333 0.011711111111111111
31 0.7147066666666666 0.5743377777777777 0.005196666666666666 0.011711111111111111
22 0.7087133333333333 0.5745733333333333 0.005553333333333334 0.010920000000000001
22 0.6974400000000001 0.5752088888888889 0.00603 0.012186666666666667
22 0.20093333333333332 0.5767911111111111 0.0062766666666666665 0.012502222222222222
12 0.21072333333333332 0.5772666666666666 0.00521 0.011235555555555556
11 0.21612333333333333 0.5778177777777778 0.005563333333333334 0.010444444444444444
9 0.22265333333333334 0.5779777777777778 0.00485 0.01108
0 0.22805333333333333 0.5781377777777778 0.005206666666666667 0.01108
0 0.23291666666666666 0.5781377777777778 0.005443333333333333 0.01076
5 0.2382 0.5781377777777778 0.00556 0.011395555555555556