28 0.43790262172284644 0.6504761904761904 0.05861423220973783 0.13693121693121693
31 0.62 0.6504761904761904 0.05857677902621723 0.14111111111111113
34 0.8024719101123595 0.6504761904761904 0.056367041198501874 0.14523809523809522
33 0.7437453183520599 0.651005291005291 0.06224719101123596 0.14417989417989419
26 0.31378277153558054 0.6515343915343915 0.061573033707865175 0.14111111111111113
35 0.8663670411985018 0.6535978835978836 0.06370786516853934 0.14941798941798942
25 0.25172284644194753 0.6535978835978836 0.06378277153558053 0.13486772486772486
27 0.37546816479400746 0.6541269841269841 0.06745318352059926 0.1338095238095238
24 0.19078651685393258 0.6541269841269841 0.05940074906367041 0.13798941798941797
32 0.681310861423221 0.6546560846560847 0.059325842696629216 0.14111111111111113
23 0.12838951310861424 0.6546560846560847 0.0652808988764045 0.1328042328042328
29 0.4988389513108614 0.6551322751322751 0.05715355805243445 0.1338095238095238
30 0.5601498127340824 0.6572486772486772 0.06082397003745318 0.13798941798941797
4 0.5021348314606742 0.8522751322751323 0.056404494382022476 0.14005291005291004
36 0.13606741573033707 0.8522751322751323 0.06307116104868914 0.1421164021164021
0 0.8586516853932584 0.8528042328042328 0.06149812734082398 0.138994708994709
38 0.20108614232209737 0.8532804232804233 0.057940074906367045 0.13798941798941797
3 0.4434082397003745 0.8538095238095238 0.057902621722846444 0.13693121693121693
6 0.619625468164794 0.8538095238095238 0.05786516853932584 0.138994708994709
39 0.26202247191011235 0.8538095238095238 0.060861423220973786 0.1473015873015873
2 0.3850187265917603 0.8548677248677248 0.0601123595505618 0.138994708994709
7 0.6787265917602996 0.8553968253968254 0.060037453183520606 0.14629629629629629
8 0.7407865168539326 0.8558730158730158 0.06370786516853934 0.13693121693121693
9 0.7988014981273408 0.8558730158730158 0.05340823970037453 0.14523809523809522
5 0.5612359550561797 0.856931216931217 0.06007490636704119 0.13486772486772486
1 0.32295880149812733 0.857989417989418 0.05936329588014981 0.13693121693121693
14 0.37621722846441946 0.4466137566137566 0.06599250936329588 0.14005291005291004
21 0.8013857677902622 0.44820105820105816 0.060037453183520606 0.14317460317460318
17 0.5627340823970037 0.4486772486772487 0.0644943820224719 0.1421164021164021
12 0.25284644194756556 0.4492063492063492 0.061573033707865175 0.138994708994709
19 0.6772659176029963 0.4507936507936508 0.06445692883895131 0.13592592592592592
20 0.7393258426966293 0.4512698412698413 0.06078651685393258 0.14111111111111113
11 0.19224719101123594 0.4512698412698413 0.06382022471910112 0.13693121693121693
13 0.31453183520599254 0.4517989417989418 0.061573033707865175 0.13798941798941797
16 0.5014232209737828 0.4523280423280423 0.05936329588014981 0.14317460317460318
18 0.6232958801498127 0.4523280423280423 0.05052434456928839 0.1473015873015873
15 0.4375280898876404 0.4528571428571429 0.06374531835205992 0.12761904761904763
22 0.8626966292134831 0.4528571428571429 0.06370786516853934 0.14005291005291004
10 0.1294756554307116 0.45597883597883604 0.06749063670411985 0.13592592592592592