39 0.3196060606060606 0.7305882352941176 0.10469696969696969 0.3644444444444444
32 0.20921212121212124 0.7305882352941176 0.10575757575757576 0.3644444444444444
23 0.5322424242424242 0.7383660130718954 0.1026060606060606 0.35117647058823526
20 0.6375151515151515 0.7394771241830065 0.10157575757575758 0.3489542483660131
8 0.8668181818181818 0.7394771241830065 0.09075757575757576 0.34228758169934637
8 0.7707878787878788 0.7433333333333334 0.09281818181818181 0.3411764705882353
38 0.2803333333333333 0.2420261437908497 0.1083030303030303 0.3489542483660131
16 0.17427272727272727 0.2509150326797386 0.10575757575757576 0.3622222222222222
33 0.49396969696969695 0.26143790849673204 0.10006060606060607 0.3589542483660131
2 0.6305757575757576 0.2758169934640523 0.10209090909090908 0.3611111111111111
5 0.9227878787878787 0.27862745098039216 0.09175757575757576 0.34673202614379084
9 0.8272727272727273 0.2797385620915033 0.09075757575757576 0.34673202614379084
4 0.7312424242424242 0.2808496732026144 0.09178787878787878 0.35562091503267973