36 0.7148828125 0.5138071065989848 0.0803125 0.1616243654822335
30 0.202734375 0.5138071065989848 0.0828125 0.16781725888324875
31 0.2868359375 0.5138071065989848 0.08359375 0.16573604060913705
38 0.8005859375 0.5143654822335025 0.0826953125 0.16472081218274112
34 0.5423046875 0.5148730964467005 0.081171875 0.16573604060913705
29 0.1154296875 0.5148730964467005 0.0883984375 0.1698984771573604
32 0.372109375 0.5158883248730964 0.080390625 0.16573604060913705
39 0.8878515625 0.5163959390862944 0.085078125 0.17091370558375635
33 0.45859375 0.5169543147208122 0.0795703125 0.16781725888324875
35 0.630390625 0.5169543147208122 0.083515625 0.16573604060913705
9 0.877890625 0.6925380710659899 0.0858984375 0.17091370558375635
6 0.6283984375 0.6935532994923858 0.07953125 0.17091370558375635
0 0.128203125 0.6935532994923858 0.0836328125 0.1668020304568528
5 0.5446875 0.6940609137055838 0.081171875 0.16781725888324875
3 0.3808984375 0.6940609137055838 0.0771875 0.16781725888324875
2 0.296796875 0.6956345177664974 0.07640625 0.16472081218274112
7 0.7120703125 0.6966497461928934 0.0779296875 0.17091370558375635
8 0.7941796875 0.6966497461928934 0.07953125 0.16888324873096447
4 0.461796875 0.6972081218274111 0.07796875 0.1636548223350254
1 0.2138671875 0.6972081218274111 0.0844140625 0.1698984771573604
12 0.3737109375 0.15126903553299492 0.080390625 0.1698984771573604
13 0.4594140625 0.15228426395939088 0.0827734375 0.17609137055837562
14 0.5470703125 0.15228426395939088 0.082734375 0.1698984771573604
15 0.630390625 0.15279187817258885 0.07875 0.1668020304568528
17 0.803359375 0.15279187817258885 0.08828125 0.16888324873096447
10 0.203515625 0.15385786802030457 0.07484375 0.16472081218274112
18 0.890234375 0.15436548223350255 0.0659375 0.16781725888324875
11 0.2872265625 0.15436548223350255 0.079609375 0.1698984771573604
16 0.7180859375 0.15487309644670053 0.0803125 0.1668020304568528
19 0.1146484375 0.3315228426395939 0.086796875 0.16781725888324875
27 0.8013671875 0.33355329949238577 0.0858984375 0.1636548223350254
25 0.6315625 0.33411167512690354 0.0843359375 0.16888324873096447
26 0.7148828125 0.33411167512690354 0.083515625 0.1668020304568528
28 0.8890625 0.33411167512690354 0.08109375 0.1668020304568528
20 0.2019140625 0.33411167512690354 0.0828125 0.16888324873096447
21 0.2880078125 0.33461928934010154 0.084375 0.1636548223350254
22 0.3725 0.3351269035532995 0.084375 0.16263959390862945
23 0.458203125 0.3356345177664975 0.0835546875 0.16781725888324875
24 0.544296875 0.3377157360406091 0.08515625 0.1616243654822335