17 0.72939 0.5318166666666667 0.004195 0.010163333333333333
10 0.7337875 0.5318166666666667 0.0038425 0.010476666666666667
6 0.7241725 0.5322833333333333 0.00361 0.010163333333333333
9 0.7200675 0.53244 0.00408 0.010476666666666667
30 0.706995 0.5326766666666667 0.004200000000000001 0.010320000000000001
7 0.7156725 0.5326766666666667 0.0039625 0.010006666666666667
20 0.70248 0.5330666666666667 0.004082499999999999 0.010476666666666667
8 0.288435 0.5364266666666666 0.004082499999999999 0.009693333333333333
0 0.27958249999999996 0.53674 0.00467 0.00938
12 0.264985 0.5368966666666667 0.005025 0.00938
9 0.275125 0.5369733333333333 0.0039675 0.009223333333333333
2 0.2840375 0.5369733333333333 0.004435 0.009536666666666667
22 0.2562475 0.53713 0.005144999999999999 0.00985
30 0.269615 0.53713 0.0049074999999999995 0.009536666666666667