3 0.90032 0.6003333333333334 0.0017275 0.007143333333333333
2 0.8985850000000001 0.60066 0.0018775 0.0070933333333333334
1 0.8966225 0.6011133333333333 0.0018775 0.007393333333333333
1 0.8947 0.6016400000000001 0.0018025 0.007443333333333333
35 0.8920025 0.6021433333333334 0.0022175 0.007543333333333333
11 0.8874 0.6033000000000001 0.00237 0.007443333333333333
25 0.8851575 0.6039533333333333 0.0021825 0.007643333333333334
22 0.09919750000000001 0.6342266666666667 0.004445 0.009126666666666667
12 0.10582 0.63497 0.00411 0.00883
11 0.1092975 0.63534 0.004055 0.009126666666666667
9 0.1136675 0.6361566666666667 0.003665 0.00883
0 0.11734 0.6364533333333333 0.0039975 0.008683333333333333
0 0.12101250000000001 0.6369733333333334 0.0037749999999999997 0.008683333333333333
5 0.124685 0.6371966666666666 0.0041075 0.009126666666666667
7 0.54702 0.64459 0.0045225 0.010176666666666667
0 0.54238 0.645 0.004865 0.009899999999999999
4 0.5373625 0.64523 0.0045925 0.010176666666666667
9 0.5321725 0.6456433333333333 0.0049375 0.010266666666666667
31 0.52564 0.64569 0.0052125 0.010543333333333333
22 0.5203125 0.6461933333333333 0.005007500000000001 0.009899999999999999
22 0.5096575 0.6464233333333333 0.0054225 0.010176666666666667