30 0.7183799999999999 0.4855777777777778 0.005756666666666667 0.01479111111111111
6 0.7427766666666666 0.48564 0.0054800000000000005 0.01347111111111111
7 0.7306466666666667 0.48569777777777773 0.005393333333333333 0.013831111111111112
9 0.7368233333333333 0.48581777777777774 0.0053033333333333335 0.013831111111111112
17 0.7502633333333333 0.48581777777777774 0.00584 0.014551111111111112
20 0.7124266666666668 0.48593777777777775 0.006116666666666667 0.014311111111111113
10 0.7566233333333333 0.48593777777777775 0.00575 0.01407111111111111
8 0.15551333333333334 0.5001022222222222 0.0058133333333333335 0.012613333333333332
2 0.14979 0.5005155555555556 0.005746666666666666 0.012337777777777779
0 0.14382666666666669 0.5007422222222222 0.006156666666666666 0.012977777777777777
12 0.12473666666666666 0.5007911111111111 0.005956666666666667 0.012155555555555557
30 0.13066666666666665 0.50088 0.00575 0.012884444444444443
9 0.138 0.5009244444444444 0.0052 0.01316
22 0.11346333333333333 0.5011555555555555 0.006026666666666666 0.013071111111111111