17 0.7894533333333333 0.5095200000000001 0.0058066666666666674 0.013702222222222222
10 0.7953533333333334 0.5095200000000001 0.005666666666666667 0.013328888888888888
6 0.78272 0.5099822222222222 0.0051133333333333334 0.013884444444444444
9 0.7769566666666666 0.5108177777777777 0.00581 0.013328888888888888
7 0.7714733333333333 0.5110933333333334 0.00484 0.013884444444444444
30 0.75953 0.5116488888888889 0.005673333333333333 0.013515555555555555
20 0.7536999999999999 0.5118355555555556 0.005396666666666667 0.014995555555555557
8 0.20215000000000002 0.5372933333333334 0.005673333333333333 0.01296
0 0.19007000000000002 0.5384977777777777 0.00623 0.013146666666666666
2 0.19618 0.5384977777777777 0.00595 0.012035555555555555
9 0.18389 0.5388666666666667 0.00637 0.013515555555555555
30 0.17674 0.5394222222222222 0.0067866666666666665 0.013515555555555555
12 0.17056 0.5397022222222222 0.00637 0.012217777777777777
22 0.15889666666666666 0.54044 0.0069299999999999995 0.01296