7 0.7447875 0.618 0.003575 0.009566666666666666
4 0.74094 0.6182766666666667 0.0037825000000000003 0.00915
4 0.737015 0.6186933333333333 0.003525 0.00929
9 0.73322 0.6191766666666667 0.00394 0.009843333333333334
31 0.7282799999999999 0.6192466666666667 0.00415 0.009706666666666667
22 0.7235750000000001 0.61956 0.0046175 0.00922
22 0.2721825 0.6199066666666667 0.005555 0.011133333333333334
22 0.714945 0.6201133333333333 0.004725 0.009636666666666667
12 0.28170249999999997 0.6208366666666667 0.0052625 0.010643333333333333
11 0.28683 0.6211300000000001 0.0055525 0.010450000000000001
9 0.29327499999999995 0.6216666666666667 0.0048200000000000005 0.01035
0 0.2982925 0.6222533333333333 0.0054775 0.010546666666666666
0 0.3031975 0.6224466666666666 0.0054775 0.010546666666666666
5 0.30821499999999996 0.6225933333333333 0.0054025 0.011229999999999999