1 0.33713666666666664 0.4813422222222222 0.0051533333333333336 0.011635555555555555
15 0.32739666666666667 0.4813422222222222 0.00475 0.011364444444444444
14 0.31421 0.48140888888888894 0.00455 0.01176888888888889
6 0.34601333333333334 0.48168 0.00424 0.01096
30 0.3187233333333333 0.4818133333333333 0.0044466666666666665 0.011497777777777779
18 0.33171 0.4818133333333333 0.004443333333333333 0.01176888888888889
3 0.34165333333333336 0.48195111111111116 0.004443333333333333 0.01204
14 0.3515933333333333 0.4821511111111111 0.005456666666666667 0.011635555555555555
6 0.5807666666666667 0.5119911111111112 0.005359999999999999 0.011817777777777778
22 0.5573966666666667 0.5120622222222223 0.005893333333333333 0.01196
19 0.5738033333333333 0.5121333333333333 0.005996666666666666 0.010973333333333333
22 0.5683166666666667 0.5123422222222223 0.00642 0.011395555555555556
1 0.5912133333333334 0.5126222222222223 0.0049366666666666665 0.010835555555555555
9 0.5964366666666666 0.5126222222222223 0.005463333333333334 0.01196
9 0.58599 0.5126933333333333 0.005043333333333334 0.010973333333333333
7 0.9479033333333333 0.5431111111111111 0.0029233333333333333 0.00844
2 0.9420066666666667 0.5431688888888889 0.0029266666666666664 0.008093333333333334
16 0.9351999999999999 0.5432844444444445 0.0031866666666666666 0.008555555555555556
22 0.9319033333333333 0.5433422222222222 0.00388 0.008208888888888889
5 0.93897 0.5433422222222222 0.0031000000000000003 0.0077466666666666665
9 0.9448666666666666 0.5433422222222222 0.00275 0.008208888888888889
25 0.08318 0.5437733333333333 0.00415 0.009333333333333334
22 0.9256166666666666 0.5438044444444444 0.0039700000000000004 0.008208888888888889
28 0.08718666666666666 0.5443155555555556 0.003843333333333333 0.009333333333333334
23 0.09464333333333333 0.54452 0.005163333333333333 0.01028
7 0.09961666666666667 0.5449911111111111 0.0041466666666666666 0.010146666666666667
0 0.10403 0.5454 0.00445 0.009875555555555556
7 0.10783333333333334 0.5455333333333333 0.00455 0.010417777777777778